# This data combines combines ASTM_E490 continuum spectrum and PROM7 line profiles
# continuum and profiles are adjusted to fit Lyman series and H-alpha 's intensity level
# Left  : wavelength, [cm]
# Right : intensity, [erg/s/cm^2/cm/sr]
#----------------------------------------------------------------------------------------
1.140000e-06	2.801713e+01
1.370000e-06	1.497119e+04
1.710000e-06	4.385222e+06
1.950000e-06	6.221083e+07
2.280000e-06	6.326174e+08
2.790000e-06	4.086984e+09
3.590000e-06	2.556140e+09
4.000000e-06	7.318526e+07
4.500000e-06	3.850023e+08
5.000000e-06	1.213439e+09
5.040000e-06	1.269397e+09
5.050000e-06	1.485532e+07
5.500000e-06	2.718204e+07
6.000000e-06	5.590786e+07
6.500000e-06	1.183332e+08
7.000000e-06	2.057116e+08
7.500000e-06	4.582103e+08
8.000000e-06	9.752730e+08
8.500000e-06	2.367988e+09
9.000000e-06	6.099645e+09
9.120000e-06	7.517048e+09
9.171600e-06	4.535729e+09
9.172100e-06	4.575184e+09
9.172500e-06	4.458740e+09
9.173000e-06	3.903679e+09
9.173400e-06	2.804267e+09
9.173900e-06	1.759376e+09
9.174300e-06	1.131201e+09
9.174700e-06	7.884927e+08
9.175200e-06	5.871876e+08
9.175600e-06	4.778068e+08
9.176100e-06	4.347528e+08
9.176500e-06	4.575521e+08
9.177000e-06	5.366981e+08
9.177400e-06	6.567060e+08
9.177800e-06	7.436835e+08
9.178300e-06	7.985457e+08
9.178700e-06	9.924020e+08
9.179200e-06	1.429702e+09
9.179600e-06	2.131411e+09
9.180100e-06	3.090611e+09
9.180500e-06	3.997218e+09
9.181000e-06	4.522465e+09
9.181400e-06	4.666036e+09
9.181800e-06	4.669979e+09
9.182300e-06	4.365336e+09
9.182700e-06	3.507926e+09
9.183200e-06	2.366294e+09
9.183600e-06	1.474264e+09
9.184100e-06	9.298186e+08
9.184500e-06	6.218683e+08
9.185000e-06	4.668388e+08
9.185400e-06	4.036760e+08
9.185800e-06	3.930558e+08
9.186300e-06	4.373238e+08
9.186700e-06	5.178335e+08
9.187200e-06	5.931945e+08
9.187600e-06	6.044455e+08
9.188100e-06	5.459266e+08
9.188500e-06	5.247401e+08
9.188900e-06	5.299892e+08
9.189400e-06	5.600272e+08
9.189800e-06	5.941454e+08
9.190300e-06	6.359546e+08
9.190700e-06	7.797108e+08
9.191200e-06	1.121660e+09
9.191600e-06	1.763426e+09
9.192100e-06	2.829255e+09
9.192500e-06	3.976320e+09
9.192900e-06	4.637584e+09
9.193400e-06	4.877126e+09
9.193800e-06	4.936949e+09
9.194300e-06	4.812902e+09
9.194700e-06	4.167377e+09
9.195200e-06	3.010065e+09
9.195600e-06	1.978664e+09
9.196000e-06	1.466008e+09
9.196500e-06	1.449396e+09
9.196900e-06	1.481252e+09
9.197400e-06	1.157007e+09
9.197800e-06	7.356221e+08
9.198300e-06	5.417951e+08
9.198700e-06	5.521478e+08
9.199200e-06	6.608695e+08
9.199600e-06	6.733116e+08
9.200000e-06	5.015053e+08
9.200500e-06	3.197555e+08
9.200900e-06	2.663113e+08
9.201400e-06	2.795694e+08
9.201800e-06	2.851795e+08
9.202300e-06	2.609430e+08
9.202700e-06	2.374287e+08
9.203200e-06	2.244207e+08
9.203600e-06	2.268085e+08
9.204000e-06	2.534340e+08
9.204500e-06	3.138863e+08
9.204900e-06	4.266783e+08
9.205400e-06	5.508680e+08
9.205800e-06	6.167051e+08
9.206300e-06	6.512909e+08
9.206700e-06	7.675355e+08
9.207200e-06	1.090989e+09
9.207600e-06	1.724757e+09
9.208000e-06	2.781230e+09
9.208500e-06	3.988965e+09
9.208900e-06	4.814675e+09
9.209400e-06	5.159288e+09
9.209800e-06	5.281676e+09
9.210300e-06	5.287199e+09
9.210700e-06	4.742064e+09
9.211200e-06	3.503418e+09
9.211600e-06	2.142988e+09
9.212000e-06	1.317740e+09
9.212500e-06	9.460512e+08
9.212900e-06	6.974259e+08
9.213400e-06	5.198599e+08
9.213800e-06	4.219794e+08
9.214300e-06	3.747430e+08
9.214700e-06	4.001668e+08
9.215100e-06	5.484813e+08
9.215600e-06	7.530571e+08
9.216000e-06	7.471515e+08
9.216500e-06	5.165911e+08
9.216900e-06	3.516987e+08
9.217400e-06	3.810237e+08
9.217800e-06	6.838529e+08
9.218300e-06	1.325258e+09
9.218700e-06	1.826648e+09
9.219100e-06	2.008512e+09
9.219600e-06	2.500581e+09
9.221800e-06	9.579643e+08
9.222300e-06	7.448327e+08
9.222700e-06	4.786872e+08
9.223100e-06	3.773743e+08
9.223600e-06	4.520867e+08
9.224000e-06	7.123556e+08
9.224500e-06	1.139284e+09
9.224900e-06	1.512213e+09
9.225400e-06	1.558648e+09
9.225800e-06	1.292085e+09
9.226300e-06	9.389781e+08
9.226700e-06	7.657481e+08
9.227100e-06	7.800281e+08
9.227600e-06	8.087755e+08
9.228000e-06	8.095161e+08
9.228500e-06	9.315164e+08
9.228900e-06	1.312095e+09
9.229400e-06	2.071106e+09
9.229800e-06	3.293364e+09
9.230300e-06	4.738892e+09
9.230700e-06	5.792398e+09
9.231100e-06	6.246104e+09
9.231600e-06	6.708762e+09
9.232000e-06	7.307741e+09
9.232500e-06	7.588204e+09
9.232900e-06	6.701919e+09
9.233400e-06	4.787939e+09
9.233800e-06	2.871130e+09
9.234300e-06	1.684636e+09
9.234700e-06	1.107585e+09
9.235100e-06	9.293566e+08
9.235600e-06	9.026011e+08
9.236000e-06	8.389883e+08
9.236500e-06	8.326433e+08
9.236900e-06	8.743423e+08
9.237400e-06	8.945745e+08
9.237800e-06	9.270072e+08
9.238300e-06	8.251839e+08
9.238700e-06	5.640368e+08
9.239100e-06	3.707459e+08
9.239600e-06	2.964732e+08
9.240000e-06	3.169833e+08
9.240500e-06	4.331922e+08
9.240900e-06	6.571145e+08
9.241400e-06	9.346124e+08
9.252500e-06	1.493880e+08
9.252690e-06	2.344861e+08
9.252890e-06	2.370812e+08
9.253090e-06	2.395760e+08
9.253290e-06	2.366599e+08
9.253490e-06	2.238253e+08
9.253690e-06	2.309289e+08
9.253890e-06	2.580682e+08
9.254090e-06	2.918168e+08
9.254290e-06	3.515073e+08
9.254490e-06	4.111927e+08
9.254690e-06	4.637613e+08
9.254890e-06	5.163253e+08
9.255090e-06	5.251166e+08
9.255290e-06	5.496311e+08
9.255490e-06	5.451007e+08
9.255690e-06	5.117296e+08
9.255890e-06	4.942834e+08
9.256090e-06	4.680269e+08
9.256290e-06	4.477804e+08
9.256490e-06	4.394507e+08
9.256690e-06	4.310215e+08
9.256890e-06	4.167863e+08
9.257090e-06	4.025523e+08
9.257290e-06	4.054381e+08
9.257490e-06	4.117271e+08
9.257690e-06	4.436410e+08
9.257890e-06	5.010765e+08
9.258090e-06	5.461958e+08
9.258290e-06	5.936132e+08
9.258490e-06	6.410266e+08
9.258690e-06	6.747251e+08
9.258890e-06	7.085208e+08
9.259090e-06	7.624276e+08
9.259290e-06	8.351418e+08
9.259490e-06	9.523768e+08
9.259690e-06	1.113926e+09
9.259890e-06	1.303077e+09
9.260090e-06	1.664793e+09
9.260290e-06	2.026377e+09
9.260490e-06	2.704554e+09
9.260690e-06	3.382672e+09
9.260890e-06	4.118349e+09
9.261090e-06	4.853963e+09
9.261290e-06	5.401072e+09
9.261490e-06	5.883023e+09
9.261690e-06	6.194109e+09
9.261890e-06	6.334354e+09
9.262090e-06	6.419984e+09
9.262290e-06	6.396407e+09
9.262490e-06	6.372732e+09
9.262690e-06	6.395855e+09
9.262890e-06	6.418875e+09
9.263090e-06	6.332713e+09
9.263290e-06	6.191970e+09
9.263490e-06	5.880483e+09
9.263690e-06	5.398274e+09
9.263890e-06	4.851029e+09
9.264090e-06	4.115505e+09
9.264290e-06	3.380044e+09
9.264490e-06	2.702219e+09
9.264690e-06	2.024453e+09
9.264890e-06	1.663068e+09
9.265090e-06	1.301614e+09
9.265290e-06	1.112580e+09
9.265490e-06	9.511437e+08
9.265690e-06	8.339885e+08
9.265890e-06	7.613089e+08
9.266090e-06	7.074202e+08
9.266290e-06	6.736188e+08
9.266490e-06	6.399202e+08
9.266690e-06	5.925375e+08
9.266890e-06	5.451590e+08
9.267090e-06	5.000821e+08
9.267290e-06	4.427224e+08
9.267490e-06	4.108390e+08
9.267690e-06	4.045286e+08
9.267890e-06	4.016147e+08
9.268090e-06	4.157796e+08
9.268290e-06	4.299433e+08
9.268490e-06	4.383135e+08
9.268690e-06	4.465831e+08
9.268890e-06	4.667351e+08
9.269090e-06	4.928766e+08
9.269290e-06	5.102291e+08
9.269490e-06	5.434554e+08
9.269690e-06	5.479247e+08
9.269890e-06	5.234412e+08
9.270090e-06	5.146334e+08
9.270290e-06	4.622017e+08
9.270490e-06	4.097746e+08
9.270690e-06	3.502648e+08
9.270890e-06	2.907601e+08
9.271090e-06	2.571115e+08
9.271290e-06	2.300530e+08
9.271490e-06	2.229571e+08
9.271690e-06	2.357216e+08
9.271890e-06	2.386054e+08
9.272090e-06	2.361004e+08
9.272290e-06	2.334958e+08
9.297710e-06	2.675625e+08
9.297910e-06	2.675510e+08
9.298110e-06	3.030110e+08
9.298310e-06	3.691285e+08
9.298510e-06	4.092901e+08
9.298710e-06	4.243009e+08
9.298910e-06	4.256852e+08
9.299110e-06	4.133447e+08
9.299310e-06	4.014060e+08
9.299510e-06	4.548805e+08
9.299710e-06	5.083504e+08
9.299910e-06	5.501968e+08
9.300110e-06	5.920396e+08
9.300310e-06	5.866058e+08
9.300510e-06	5.289941e+08
9.300710e-06	4.776966e+08
9.300910e-06	4.327124e+08
9.301110e-06	3.824248e+08
9.301310e-06	3.658864e+08
9.301510e-06	3.593623e+08
9.301710e-06	3.853792e+08
9.301910e-06	4.113939e+08
9.302110e-06	4.955736e+08
9.302310e-06	5.838508e+08
9.302510e-06	6.463927e+08
9.302710e-06	7.106310e+08
9.302910e-06	7.573465e+08
9.303110e-06	7.968513e+08
9.303310e-06	8.256429e+08
9.303510e-06	8.530309e+08
9.303710e-06	8.804166e+08
9.303910e-06	9.199092e+08
9.304110e-06	9.819148e+08
9.304310e-06	1.116665e+09
9.304510e-06	1.291129e+09
9.304710e-06	1.560735e+09
9.304910e-06	1.925471e+09
9.305110e-06	2.336199e+09
9.305310e-06	3.051935e+09
9.305510e-06	3.767610e+09
9.305710e-06	4.593065e+09
9.305910e-06	5.418349e+09
9.306110e-06	6.176443e+09
9.306310e-06	6.842347e+09
9.306510e-06	7.138216e+09
9.306710e-06	7.312939e+09
9.306910e-06	7.420838e+09
9.307110e-06	7.405018e+09
9.307310e-06	7.380899e+09
9.307510e-06	7.380582e+09
9.307710e-06	7.380265e+09
9.307910e-06	7.403745e+09
9.308110e-06	7.418925e+09
9.308310e-06	7.310425e+09
9.308510e-06	7.135149e+09
9.308710e-06	6.838820e+09
9.308910e-06	6.172728e+09
9.309110e-06	5.414625e+09
9.309310e-06	4.589513e+09
9.309510e-06	3.764373e+09
9.309710e-06	3.049051e+09
9.309910e-06	2.333791e+09
9.310110e-06	1.923321e+09
9.310310e-06	1.558858e+09
9.310510e-06	1.289465e+09
9.310710e-06	1.115130e+09
9.310910e-06	9.804811e+08
9.311110e-06	9.184871e+08
9.311310e-06	8.789800e+08
9.311510e-06	8.515658e+08
9.311710e-06	8.241540e+08
9.311910e-06	7.953459e+08
9.312110e-06	7.558508e+08
9.312310e-06	7.091666e+08
9.312510e-06	6.450052e+08
9.312710e-06	5.825475e+08
9.312910e-06	4.944249e+08
9.313110e-06	4.104050e+08
9.313310e-06	3.844198e+08
9.313510e-06	3.584368e+08
9.313710e-06	3.649128e+08
9.313910e-06	3.813744e+08
9.314110e-06	4.314868e+08
9.314310e-06	4.763026e+08
9.314510e-06	5.274051e+08
9.314710e-06	5.847934e+08
9.314910e-06	5.901597e+08
9.315110e-06	5.484027e+08
9.315310e-06	5.066492e+08
9.315510e-06	4.533193e+08
9.315710e-06	3.999939e+08
9.315910e-06	4.118552e+08
9.316110e-06	4.241148e+08
9.316310e-06	4.226993e+08
9.316510e-06	4.077101e+08
9.316710e-06	3.676719e+08
9.316910e-06	3.017894e+08
9.317110e-06	2.664494e+08
9.317310e-06	2.664380e+08
9.368340e-06	2.444031e+08
9.368540e-06	2.713470e+08
9.368740e-06	3.299510e+08
9.368940e-06	4.216139e+08
9.369140e-06	5.166754e+08
9.369340e-06	6.097251e+08
9.369540e-06	7.048706e+08
9.369740e-06	6.738861e+08
9.369940e-06	6.450077e+08
9.370140e-06	5.599378e+08
9.370340e-06	4.761772e+08
9.370540e-06	4.115542e+08
9.370740e-06	3.649646e+08
9.370940e-06	3.592404e+08
9.371140e-06	3.766505e+08
9.371340e-06	4.052751e+08
9.371540e-06	4.441113e+08
9.371740e-06	4.602138e+08
9.371940e-06	4.816219e+08
9.372140e-06	4.949179e+08
9.372340e-06	5.042080e+08
9.372540e-06	5.166010e+08
9.372740e-06	5.327971e+08
9.372940e-06	5.535968e+08
9.373140e-06	6.250472e+08
9.373340e-06	7.008958e+08
9.373540e-06	8.281869e+08
9.373740e-06	9.906991e+08
9.373940e-06	1.173115e+09
9.374140e-06	1.404955e+09
9.374340e-06	1.576029e+09
9.374540e-06	1.753692e+09
9.374740e-06	1.998488e+09
9.374940e-06	2.246064e+09
9.375140e-06	2.546451e+09
9.375340e-06	2.954974e+09
9.375540e-06	3.607790e+09
9.375740e-06	4.390012e+09
9.375940e-06	5.269711e+09
9.376140e-06	6.213960e+09
9.376340e-06	7.232054e+09
9.376540e-06	8.259365e+09
9.376740e-06	9.237475e+09
9.376940e-06	9.967846e+09
9.377140e-06	1.035469e+10
9.377340e-06	1.049477e+10
9.377540e-06	1.052402e+10
9.377740e-06	1.053658e+10
9.377940e-06	1.050303e+10
9.378140e-06	1.046288e+10
9.378340e-06	1.050213e+10
9.378540e-06	1.053478e+10
9.378740e-06	1.052133e+10
9.378940e-06	1.049119e+10
9.379140e-06	1.035028e+10
9.379340e-06	9.962745e+09
9.379540e-06	9.231961e+09
9.379740e-06	8.253731e+09
9.379940e-06	7.226504e+09
9.380140e-06	6.208661e+09
9.380340e-06	5.264768e+09
9.380540e-06	4.385521e+09
9.380740e-06	3.603791e+09
9.380940e-06	2.951447e+09
9.381140e-06	2.543195e+09
9.381340e-06	2.243000e+09
9.381540e-06	1.995592e+09
9.381740e-06	1.751002e+09
9.381940e-06	1.573476e+09
9.382140e-06	1.402560e+09
9.382340e-06	1.171015e+09
9.382540e-06	9.888416e+08
9.382740e-06	8.265636e+08
9.382940e-06	6.994624e+08
9.383140e-06	6.237156e+08
9.383340e-06	5.523703e+08
9.383540e-06	5.315714e+08
9.383740e-06	5.153685e+08
9.383940e-06	5.029623e+08
9.384140e-06	4.936530e+08
9.384340e-06	4.803499e+08
9.384540e-06	4.589593e+08
9.384740e-06	4.428629e+08
9.384940e-06	4.041014e+08
9.385140e-06	3.755277e+08
9.385340e-06	3.581389e+08
9.385540e-06	3.638145e+08
9.385740e-06	4.102223e+08
9.385940e-06	4.745956e+08
9.386140e-06	5.580304e+08
9.386340e-06	6.427558e+08
9.386540e-06	6.714760e+08
9.386740e-06	7.022898e+08
9.386940e-06	6.074408e+08
9.387140e-06	5.146958e+08
9.387340e-06	4.199627e+08
9.387540e-06	3.286308e+08
9.387740e-06	2.702382e+08
9.387940e-06	2.433836e+08
9.487620e-06	1.786178e+09
9.487820e-06	1.775581e+09
9.488020e-06	1.657273e+09
9.488220e-06	1.413432e+09
9.488420e-06	1.248661e+09
9.488620e-06	1.068876e+09
9.488820e-06	8.844979e+08
9.489020e-06	7.525278e+08
9.489220e-06	6.662475e+08
9.489420e-06	5.834804e+08
9.489620e-06	5.423886e+08
9.489820e-06	5.049059e+08
9.490020e-06	5.173039e+08
9.490220e-06	5.448238e+08
9.490420e-06	6.019848e+08
9.490620e-06	6.710581e+08
9.490820e-06	7.536443e+08
9.491020e-06	8.690677e+08
9.491220e-06	9.874852e+08
9.491420e-06	1.101387e+09
9.491620e-06	1.227394e+09
9.491820e-06	1.321954e+09
9.492020e-06	1.409297e+09
9.492220e-06	1.522962e+09
9.492420e-06	1.656337e+09
9.492620e-06	1.845658e+09
9.492820e-06	2.050578e+09
9.493020e-06	2.321142e+09
9.493220e-06	2.637422e+09
9.493420e-06	2.887521e+09
9.493620e-06	3.091862e+09
9.493820e-06	3.296687e+09
9.494020e-06	3.438649e+09
9.494220e-06	3.751214e+09
9.494420e-06	4.276486e+09
9.494620e-06	5.071071e+09
9.494820e-06	6.187865e+09
9.495020e-06	7.800213e+09
9.495220e-06	9.561494e+09
9.495420e-06	1.165146e+10
9.495620e-06	1.366313e+10
9.495820e-06	1.524648e+10
9.496020e-06	1.665965e+10
9.496220e-06	1.747705e+10
9.496420e-06	1.785749e+10
9.496620e-06	1.778993e+10
9.496820e-06	1.745934e+10
9.497020e-06	1.710338e+10
9.497220e-06	1.684305e+10
9.497420e-06	1.671254e+10
9.497620e-06	1.684163e+10
9.497820e-06	1.710050e+10
9.498020e-06	1.745493e+10
9.498220e-06	1.778394e+10
9.498420e-06	1.784998e+10
9.498620e-06	1.746822e+10
9.498820e-06	1.664983e+10
9.499020e-06	1.523621e+10
9.499220e-06	1.365277e+10
9.499420e-06	1.164165e+10
9.499620e-06	9.552639e+09
9.499820e-06	7.792333e+09
9.500020e-06	6.181093e+09
9.500220e-06	5.065094e+09
9.500420e-06	4.271086e+09
9.500620e-06	3.746161e+09
9.500820e-06	3.433728e+09
9.501020e-06	3.291692e+09
9.501220e-06	3.086918e+09
9.501420e-06	2.882661e+09
9.501620e-06	2.632761e+09
9.501820e-06	2.316844e+09
9.502020e-06	2.046609e+09
9.502220e-06	1.841931e+09
9.502420e-06	1.652853e+09
9.502620e-06	1.519630e+09
9.502820e-06	1.406095e+09
9.503020e-06	1.318839e+09
9.503220e-06	1.224400e+09
9.503420e-06	1.098607e+09
9.503620e-06	9.849100e+08
9.503820e-06	8.667283e+08
9.504020e-06	7.515523e+08
9.504220e-06	6.691390e+08
9.504420e-06	6.002127e+08
9.504620e-06	5.431741e+08
9.504820e-06	5.156942e+08
9.505020e-06	5.032923e+08
9.505220e-06	5.406097e+08
9.505420e-06	5.815178e+08
9.505620e-06	6.639506e+08
9.505820e-06	7.498702e+08
9.506020e-06	8.813000e+08
9.506220e-06	1.064922e+09
9.506420e-06	1.243937e+09
9.506620e-06	1.407966e+09
9.506820e-06	1.650725e+09
9.507020e-06	1.768417e+09
9.507220e-06	1.778821e+09
9.715565e-06	1.273473e+09
9.715765e-06	1.390152e+09
9.715965e-06	1.597897e+09
9.716165e-06	1.886780e+09
9.716365e-06	2.193572e+09
9.716565e-06	2.525584e+09
9.716765e-06	2.871895e+09
9.716965e-06	2.784225e+09
9.717165e-06	2.722106e+09
9.717365e-06	2.566737e+09
9.717565e-06	2.322839e+09
9.717765e-06	2.211168e+09
9.717965e-06	2.201463e+09
9.718165e-06	2.321451e+09
9.718365e-06	2.569714e+09
9.718565e-06	2.629793e+09
9.718765e-06	2.774482e+09
9.718965e-06	2.748033e+09
9.719165e-06	2.606238e+09
9.719365e-06	2.435520e+09
9.719565e-06	2.304162e+09
9.719765e-06	2.350020e+09
9.719965e-06	2.505598e+09
9.720165e-06	2.661863e+09
9.720365e-06	2.919820e+09
9.720565e-06	3.174353e+09
9.720765e-06	3.489522e+09
9.720965e-06	3.716385e+09
9.721165e-06	3.999179e+09
9.721365e-06	4.456693e+09
9.721565e-06	5.078000e+09
9.721765e-06	5.924122e+09
9.721965e-06	6.950002e+09
9.722165e-06	8.392075e+09
9.722365e-06	1.078302e+10
9.722565e-06	1.353308e+10
9.722765e-06	1.689334e+10
9.722965e-06	2.081150e+10
9.723165e-06	2.453045e+10
9.723365e-06	2.822529e+10
9.723565e-06	3.127277e+10
9.723765e-06	3.369660e+10
9.723965e-06	3.571451e+10
9.724165e-06	3.746048e+10
9.724365e-06	3.753426e+10
9.724565e-06	3.781846e+10
9.724765e-06	3.713532e+10
9.724965e-06	3.665135e+10
9.725165e-06	3.616002e+10
9.725365e-06	3.590993e+10
9.725565e-06	3.615704e+10
9.725765e-06	3.664532e+10
9.725965e-06	3.712615e+10
9.726165e-06	3.780602e+10
9.726365e-06	3.751882e+10
9.726565e-06	3.744200e+10
9.726765e-06	3.569395e+10
9.726965e-06	3.367443e+10
9.727165e-06	3.124963e+10
9.727365e-06	2.820208e+10
9.727565e-06	2.450827e+10
9.727765e-06	2.079097e+10
9.727965e-06	1.687528e+10
9.728165e-06	1.351750e+10
9.728365e-06	1.076972e+10
9.728565e-06	8.381037e+09
9.728765e-06	6.940290e+09
9.728965e-06	5.915357e+09
9.729165e-06	5.070069e+09
9.729365e-06	4.449367e+09
9.729565e-06	3.992276e+09
9.729765e-06	3.709666e+09
9.729965e-06	3.482926e+09
9.730165e-06	3.168092e+09
9.730365e-06	2.913822e+09
9.730565e-06	2.656176e+09
9.730765e-06	2.500039e+09
9.730965e-06	2.344614e+09
9.731165e-06	2.298672e+09
9.731365e-06	2.429517e+09
9.731565e-06	2.599601e+09
9.731765e-06	2.740809e+09
9.731965e-06	2.766961e+09
9.732165e-06	2.622448e+09
9.732365e-06	2.562326e+09
9.732565e-06	2.314586e+09
9.732765e-06	2.194773e+09
9.732965e-06	2.204268e+09
9.733165e-06	2.315399e+09
9.733365e-06	2.558306e+09
9.733565e-06	2.712940e+09
9.733765e-06	2.774622e+09
9.733965e-06	2.861755e+09
9.734165e-06	2.516460e+09
9.734365e-06	2.185467e+09
9.734565e-06	1.879654e+09
9.734765e-06	1.591732e+09
9.734965e-06	1.384674e+09
9.735165e-06	1.268351e+09
1.024258e-05	1.676274e+09
1.024288e-05	1.693223e+09
1.024318e-05	1.732632e+09
1.024348e-05	1.782765e+09
1.024378e-05	1.838306e+09
1.024408e-05	1.893339e+09
1.024438e-05	1.940546e+09
1.024468e-05	1.995066e+09
1.024498e-05	2.076142e+09
1.024528e-05	2.193995e+09
1.024558e-05	2.306020e+09
1.024588e-05	2.432464e+09
1.024618e-05	2.557791e+09
1.024648e-05	2.664063e+09
1.024678e-05	2.738459e+09
1.024708e-05	2.804629e+09
1.024738e-05	2.914075e+09
1.024768e-05	3.043544e+09
1.024798e-05	3.183217e+09
1.024828e-05	3.346515e+09
1.024858e-05	3.567491e+09
1.024888e-05	3.839022e+09
1.024918e-05	4.105314e+09
1.024948e-05	4.367268e+09
1.024978e-05	4.718821e+09
1.025008e-05	5.179884e+09
1.025038e-05	5.669332e+09
1.025068e-05	6.209086e+09
1.025098e-05	6.935904e+09
1.025128e-05	7.940657e+09
1.025158e-05	9.286766e+09
1.025188e-05	1.084213e+10
1.025218e-05	1.283605e+10
1.025248e-05	1.559033e+10
1.025278e-05	1.856148e+10
1.025308e-05	2.281300e+10
1.025338e-05	2.852332e+10
1.025368e-05	3.709142e+10
1.025398e-05	4.863209e+10
1.025428e-05	6.353121e+10
1.025458e-05	8.340704e+10
1.025488e-05	1.034474e+11
1.025518e-05	1.206875e+11
1.025548e-05	1.320087e+11
1.025578e-05	1.354128e+11
1.025608e-05	1.354330e+11
1.025638e-05	1.301682e+11
1.025668e-05	1.264516e+11
1.025698e-05	1.236267e+11
1.025728e-05	1.229280e+11
1.025758e-05	1.236122e+11
1.025788e-05	1.264220e+11
1.025818e-05	1.301225e+11
1.025848e-05	1.353696e+11
1.025878e-05	1.353336e+11
1.025908e-05	1.319160e+11
1.025938e-05	1.205887e+11
1.025968e-05	1.033506e+11
1.025998e-05	8.331926e+10
1.026028e-05	6.345693e+10
1.026058e-05	4.856955e+10
1.026088e-05	3.703939e+10
1.026118e-05	2.847997e+10
1.026148e-05	2.277567e+10
1.026178e-05	1.852893e+10
1.026208e-05	1.556118e+10
1.026238e-05	1.281055e+10
1.026268e-05	1.081933e+10
1.026298e-05	9.266146e+09
1.026328e-05	7.922099e+09
1.026358e-05	6.918885e+09
1.026388e-05	6.193126e+09
1.026418e-05	5.654098e+09
1.026448e-05	5.165361e+09
1.026478e-05	4.705040e+09
1.026508e-05	4.354004e+09
1.026538e-05	4.092367e+09
1.026568e-05	3.826467e+09
1.026598e-05	3.555408e+09
1.026628e-05	3.334791e+09
1.026658e-05	3.171694e+09
1.026688e-05	3.032172e+09
1.026718e-05	2.902846e+09
1.026748e-05	2.793495e+09
1.026778e-05	2.727269e+09
1.026808e-05	2.652867e+09
1.026838e-05	2.546743e+09
1.026868e-05	2.421674e+09
1.026898e-05	2.295522e+09
1.026928e-05	2.183752e+09
1.026958e-05	2.066208e+09
1.026988e-05	1.985287e+09
1.027018e-05	1.930809e+09
1.027048e-05	1.883618e+09
1.027078e-05	1.828653e+09
1.027108e-05	1.773196e+09
1.027138e-05	1.723131e+09
1.027168e-05	1.683741e+09
1.027198e-05	1.666692e+09
1.205750e-05	4.124166e+09
1.208710e-05	4.924789e+09
1.210670e-05	1.022678e+10
1.211870e-05	1.633047e+10
1.212870e-05	2.853121e+10
1.213670e-05	5.088144e+10
1.214270e-05	1.016623e+11
1.214670e-05	1.625526e+11
1.214870e-05	4.669818e+11
1.215070e-05	1.116408e+12
1.215170e-05	1.978871e+12
1.215270e-05	3.754101e+12
1.215320e-05	5.579945e+12
1.215370e-05	7.506763e+12
1.215420e-05	9.230528e+12
1.215470e-05	9.331230e+12
1.215520e-05	7.099300e+12
1.215570e-05	6.084672e+12
1.215620e-05	5.881298e+12
1.215670e-05	5.880814e+12
1.215720e-05	5.880330e+12
1.215770e-05	6.082670e+12
1.215820e-05	7.095797e+12
1.215870e-05	9.325091e+12
1.215920e-05	9.222938e+12
1.215970e-05	7.499357e+12
1.216020e-05	5.573522e+12
1.216070e-05	3.749163e+12
1.216170e-05	1.975618e+12
1.216270e-05	1.114206e+12
1.216470e-05	4.657542e+11
1.216670e-05	1.620187e+11
1.217070e-05	1.011951e+11
1.217670e-05	5.054770e+10
1.218470e-05	2.826956e+10
1.219470e-05	1.612755e+10
1.220670e-05	1.005991e+10
1.222630e-05	4.813287e+09
1.225590e-05	3.991721e+09
1.235000e-05	8.712089e+09
1.245000e-05	6.264668e+09
1.255000e-05	5.260129e+09
1.265000e-05	6.429047e+09
1.275000e-05	3.890304e+09
1.285000e-05	3.159730e+09
1.295000e-05	7.287471e+09
1.305000e-05	2.202679e+10
1.315000e-05	7.269206e+09
1.325000e-05	7.543171e+09
1.335000e-05	3.068409e+10
1.345000e-05	8.346802e+09
1.355000e-05	6.940448e+09
1.365000e-05	5.643680e+09
1.375000e-05	5.333186e+09
1.385000e-05	7.250942e+09
1.395000e-05	1.380784e+10
1.405000e-05	1.110472e+10
1.415000e-05	7.689286e+09
1.425000e-05	8.547710e+09
1.435000e-05	9.333076e+09
1.445000e-05	9.296548e+09
1.455000e-05	1.011844e+10
1.465000e-05	1.294942e+10
1.475000e-05	1.550642e+10
1.485000e-05	1.497676e+10
1.495000e-05	1.453841e+10
1.505000e-05	1.588997e+10
1.515000e-05	1.693104e+10
1.525000e-05	2.124142e+10
1.535000e-05	2.372537e+10
1.545000e-05	3.760627e+10
1.555000e-05	3.915874e+10
1.565000e-05	3.373423e+10
1.575000e-05	3.135987e+10
1.585000e-05	3.059276e+10
1.595000e-05	3.203565e+10
1.605000e-05	3.532323e+10
1.615000e-05	4.069294e+10
1.625000e-05	4.600787e+10
1.635000e-05	5.188898e+10
1.645000e-05	5.429987e+10
1.655000e-05	7.857318e+10
1.665000e-05	7.285644e+10
1.675000e-05	7.077431e+10
1.685000e-05	8.321232e+10
1.695000e-05	1.073395e+11
1.705000e-05	1.208369e+11
1.715000e-05	1.256586e+11
1.725000e-05	1.324530e+11
1.735000e-05	1.396309e+11
1.745000e-05	1.656027e+11
1.755000e-05	1.970722e+11
1.765000e-05	2.228249e+11
1.775000e-05	2.562486e+11
1.785000e-05	2.809055e+11
1.795000e-05	2.878460e+11
1.805000e-05	3.344200e+11
1.815000e-05	4.078426e+11
1.825000e-05	4.096691e+11
1.835000e-05	4.098517e+11
1.845000e-05	3.773412e+11
1.855000e-05	4.220888e+11
1.865000e-05	4.931371e+11
1.875000e-05	5.495739e+11
1.885000e-05	6.010793e+11
1.895000e-05	6.518542e+11
1.905000e-05	6.874696e+11
1.915000e-05	7.607096e+11
1.925000e-05	7.512122e+11
1.935000e-05	6.955060e+11
1.945000e-05	9.515720e+11
1.955000e-05	9.912056e+11
1.965000e-05	1.097321e+12
1.975000e-05	1.130745e+12
1.985000e-05	1.130015e+12
1.995000e-05	1.217135e+12
2.005000e-05	1.338045e+12
2.015000e-05	1.465348e+12
2.025000e-05	1.508817e+12
2.035000e-05	1.683424e+12
2.045000e-05	1.872095e+12
2.055000e-05	1.925061e+12
2.065000e-05	2.023689e+12
2.075000e-05	2.310439e+12
2.085000e-05	2.748783e+12
2.095000e-05	3.904915e+12
2.105000e-05	5.099403e+12
2.115000e-05	6.125859e+12
2.125000e-05	5.716738e+12
2.135000e-05	6.054628e+12
2.145000e-05	7.311214e+12
2.155000e-05	6.602558e+12
2.165000e-05	5.893902e+12
2.175000e-05	6.445485e+12
2.185000e-05	8.103886e+12
2.195000e-05	8.569627e+12
2.205000e-05	8.644511e+12
2.215000e-05	7.229025e+12
2.225000e-05	9.068243e+12
2.235000e-05	1.150836e+13
2.245000e-05	1.077048e+13
2.255000e-05	9.550422e+12
2.265000e-05	7.196149e+12
2.275000e-05	7.291123e+12
2.285000e-05	9.488323e+12
2.295000e-05	8.713915e+12
2.305000e-05	9.519373e+12
2.315000e-05	9.309333e+12
2.325000e-05	9.727586e+12
2.335000e-05	8.171464e+12
2.345000e-05	7.117612e+12
2.355000e-05	9.391522e+12
2.365000e-05	8.874641e+12
2.375000e-05	8.847245e+12
2.385000e-05	7.663716e+12
2.395000e-05	8.058226e+12
2.405000e-05	7.225372e+12
2.415000e-05	9.402481e+12
2.425000e-05	1.289462e+13
2.435000e-05	1.215126e+13
2.445000e-05	1.113577e+13
2.455000e-05	9.020756e+12
2.465000e-05	9.205226e+12
2.475000e-05	1.013671e+13
2.485000e-05	8.337670e+12
2.495000e-05	1.029743e+13
2.505000e-05	1.097687e+13
2.515000e-05	8.403422e+12
2.525000e-05	7.588832e+12
2.535000e-05	9.415266e+12
2.545000e-05	1.088007e+13
2.555000e-05	1.448362e+13
2.565000e-05	1.859310e+13
2.575000e-05	2.290348e+13
2.585000e-05	2.284869e+13
2.595000e-05	1.899491e+13
2.605000e-05	1.561783e+13
2.615000e-05	1.640137e+13
2.625000e-05	1.892185e+13
2.635000e-05	3.028227e+13
2.645000e-05	4.560605e+13
2.655000e-05	4.615398e+13
2.665000e-05	4.555126e+13
2.675000e-05	4.580696e+13
2.685000e-05	4.452845e+13
2.695000e-05	4.363350e+13
2.705000e-05	4.882057e+13
2.715000e-05	4.098517e+13
2.725000e-05	3.605380e+13
2.735000e-05	3.588942e+13
2.745000e-05	2.421851e+13
2.755000e-05	3.198085e+13
2.765000e-05	4.434581e+13
2.775000e-05	4.270202e+13
2.785000e-05	2.909509e+13
2.795000e-05	1.562514e+13
2.805000e-05	1.728354e+13
2.815000e-05	3.804461e+13
2.825000e-05	5.371542e+13
2.835000e-05	5.725870e+13
2.845000e-05	4.297599e+13
2.855000e-05	2.978913e+13
2.865000e-05	5.893902e+13
2.875000e-05	6.142297e+13
2.885000e-05	5.884769e+13
2.895000e-05	8.633552e+13
2.905000e-05	1.098235e+14
2.915000e-05	1.060793e+14
2.925000e-05	9.532158e+13
2.935000e-05	9.780553e+13
2.945000e-05	9.292895e+13
2.955000e-05	1.010383e+14
2.965000e-05	9.307506e+13
2.975000e-05	9.265498e+13
2.985000e-05	8.502049e+13
2.995000e-05	8.839939e+13
3.005000e-05	7.671022e+13
3.015000e-05	8.319406e+13
3.025000e-05	8.931261e+13
3.035000e-05	1.133485e+14
3.045000e-05	1.100426e+14
3.055000e-05	1.086363e+14
3.065000e-05	1.014949e+14
3.075000e-05	1.123257e+14
3.085000e-05	1.116682e+14
3.095000e-05	9.068243e+13
3.105000e-05	1.136772e+14
3.115000e-05	1.331835e+14
3.125000e-05	1.197958e+14
3.135000e-05	1.278321e+14
3.145000e-05	1.210743e+14
3.155000e-05	1.156133e+14
3.165000e-05	1.156498e+14
3.175000e-05	1.413477e+14
3.185000e-05	1.214396e+14
3.195000e-05	1.297681e+14
3.205000e-05	1.470462e+14
3.215000e-05	1.277590e+14
3.225000e-05	1.257682e+14
3.235000e-05	1.207821e+14
3.245000e-05	1.389551e+14
3.255000e-05	1.599591e+14
3.265000e-05	1.788992e+14
3.275000e-05	1.740043e+14
3.285000e-05	1.675936e+14
3.295000e-05	1.937846e+14
3.305000e-05	1.855657e+14
3.315000e-05	1.763787e+14
3.325000e-05	1.744062e+14
3.335000e-05	1.683241e+14
3.345000e-05	1.751367e+14
3.355000e-05	1.723058e+14
3.365000e-05	1.478498e+14
3.375000e-05	1.537492e+14
3.385000e-05	1.683059e+14
3.395000e-05	1.749906e+14
3.405000e-05	1.839219e+14
3.415000e-05	1.687259e+14
3.425000e-05	1.813649e+14
3.435000e-05	1.736208e+14
3.445000e-05	1.453293e+14
3.455000e-05	1.715387e+14
3.465000e-05	1.692008e+14
3.475000e-05	1.646895e+14
3.485000e-05	1.638676e+14
3.495000e-05	1.625161e+14
3.505000e-05	1.917755e+14
3.515000e-05	1.788992e+14
3.525000e-05	1.658219e+14
3.535000e-05	1.886706e+14
3.545000e-05	2.029168e+14
3.555000e-05	1.908623e+14
3.565000e-05	1.666255e+14
3.575000e-05	1.453841e+14
3.585000e-05	1.266814e+14
3.595000e-05	1.810178e+14
3.605000e-05	1.773102e+14
3.615000e-05	1.603791e+14
3.625000e-05	1.822416e+14
3.635000e-05	1.820772e+14
3.645000e-05	1.850177e+14
3.655000e-05	2.104052e+14
3.665000e-05	2.251993e+14
3.675000e-05	2.155192e+14
3.685000e-05	2.010904e+14
3.695000e-05	2.239208e+14
3.705000e-05	2.080308e+14
3.715000e-05	2.146060e+14
3.725000e-05	1.925061e+14
3.735000e-05	1.680684e+14
3.745000e-05	1.644521e+14
3.755000e-05	1.939673e+14
3.765000e-05	1.981681e+14
3.775000e-05	2.341488e+14
3.785000e-05	2.423678e+14
3.795000e-05	1.946978e+14
3.805000e-05	2.195373e+14
3.815000e-05	1.976201e+14
3.825000e-05	1.445257e+14
3.835000e-05	1.249463e+14
3.845000e-05	1.752828e+14
3.855000e-05	1.841045e+14
3.865000e-05	1.839219e+14
3.875000e-05	1.833739e+14
3.885000e-05	1.797759e+14
3.895000e-05	2.144233e+14
3.905000e-05	2.277563e+14
3.915000e-05	2.451074e+14
3.925000e-05	1.861136e+14
3.929458e-05	9.552575e+13
3.929654e-05	9.225470e+13
3.929855e-05	8.805231e+13
3.930056e-05	8.431660e+13
3.930257e-05	8.104745e+13
3.930453e-05	7.824491e+13
3.930653e-05	7.451135e+13
3.930854e-05	7.077854e+13
3.931056e-05	6.658090e+13
3.931251e-05	6.191872e+13
3.931452e-05	5.772282e+13
3.931654e-05	5.259687e+13
3.931849e-05	4.886833e+13
3.932051e-05	4.700187e+13
3.932252e-05	4.420516e+13
3.932453e-05	4.075764e+13
3.932649e-05	3.786919e+13
3.932850e-05	3.488819e+13
3.933051e-05	3.041939e+13
3.933077e-05	2.986084e+13
3.933103e-05	2.925580e+13
3.933124e-05	2.874387e+13
3.933150e-05	2.790629e+13
3.933175e-05	2.725480e+13
3.933200e-05	2.669634e+13
3.933225e-05	2.609139e+13
3.933250e-05	2.548645e+13
3.933275e-05	2.497454e+13
3.933300e-05	2.455567e+13
3.933325e-05	2.436932e+13
3.933350e-05	2.422950e+13
3.933375e-05	2.422919e+13
3.933400e-05	2.427539e+13
3.933425e-05	2.441459e+13
3.933450e-05	2.441428e+13
3.933475e-05	2.399545e+13
3.933500e-05	2.315810e+13
3.933525e-05	2.194877e+13
3.933550e-05	2.041395e+13
3.933575e-05	1.892568e+13
3.933600e-05	1.766994e+13
3.933625e-05	1.683273e+13
3.933650e-05	1.660002e+13
3.933675e-05	1.683230e+13
3.933700e-05	1.766905e+13
3.933725e-05	1.892424e+13
3.933750e-05	2.041188e+13
3.933775e-05	2.194598e+13
3.933800e-05	2.315457e+13
3.933825e-05	2.399118e+13
3.933850e-05	2.440932e+13
3.933875e-05	2.440901e+13
3.933900e-05	2.426922e+13
3.933925e-05	2.422242e+13
3.933950e-05	2.422211e+13
3.933975e-05	2.436128e+13
3.934000e-05	2.454693e+13
3.934025e-05	2.496503e+13
3.934050e-05	2.547609e+13
3.934075e-05	2.608012e+13
3.934100e-05	2.668414e+13
3.934125e-05	2.724164e+13
3.934150e-05	2.789211e+13
3.934177e-05	2.872849e+13
3.934197e-05	2.923953e+13
3.934223e-05	2.984345e+13
3.934249e-05	3.040087e+13
3.934450e-05	3.485982e+13
3.934652e-05	3.783065e+13
3.934848e-05	4.070804e+13
3.935049e-05	4.414233e+13
3.935251e-05	4.692546e+13
3.935452e-05	4.877890e+13
3.935648e-05	5.249015e+13
3.935850e-05	5.759391e+13
3.936052e-05	6.176779e+13
3.936248e-05	6.640535e+13
3.936449e-05	7.057748e+13
3.936651e-05	7.428448e+13
3.936853e-05	7.799071e+13
3.937049e-05	8.076804e+13
3.937251e-05	8.400872e+13
3.937452e-05	8.771282e+13
3.937654e-05	9.188021e+13
3.937851e-05	9.511901e+13
3.945000e-05	1.873921e+14
3.955000e-05	2.399934e+14
3.964277e-05	1.387224e+14
3.964476e-05	1.327573e+14
3.964676e-05	1.277088e+14
3.964875e-05	1.217460e+14
3.965074e-05	1.139538e+14
3.965273e-05	1.061631e+14
3.965473e-05	9.928914e+13
3.965672e-05	9.378907e+13
3.965871e-05	8.783264e+13
3.966071e-05	8.233482e+13
3.966270e-05	7.638074e+13
3.966470e-05	7.088517e+13
3.966674e-05	6.539054e+13
3.966874e-05	6.035443e+13
3.967073e-05	5.531933e+13
3.967273e-05	5.211380e+13
3.967472e-05	4.799472e+13
3.967672e-05	4.181977e+13
3.967871e-05	3.628585e+13
3.967897e-05	3.537138e+13
3.967918e-05	3.463982e+13
3.967945e-05	3.399958e+13
3.967970e-05	3.326798e+13
3.967995e-05	3.262781e+13
3.968020e-05	3.189625e+13
3.968045e-05	3.116471e+13
3.968070e-05	3.034180e+13
3.968095e-05	2.965599e+13
3.968120e-05	2.897021e+13
3.968145e-05	2.828443e+13
3.968170e-05	2.764437e+13
3.968195e-05	2.709571e+13
3.968220e-05	2.663845e+13
3.968245e-05	2.636397e+13
3.968270e-05	2.581535e+13
3.968295e-05	2.508398e+13
3.968320e-05	2.403279e+13
3.968345e-05	2.257044e+13
3.968370e-05	2.060555e+13
3.968395e-05	1.886915e+13
3.968420e-05	1.745260e+13
3.968445e-05	1.635589e+13
3.968470e-05	1.599020e+13
3.968495e-05	1.635548e+13
3.968520e-05	1.745172e+13
3.968545e-05	1.886772e+13
3.968570e-05	2.060347e+13
3.968595e-05	2.256760e+13
3.968620e-05	2.402917e+13
3.968645e-05	2.507955e+13
3.968670e-05	2.581014e+13
3.968695e-05	2.635799e+13
3.968720e-05	2.663174e+13
3.968745e-05	2.708821e+13
3.968770e-05	2.763602e+13
3.968795e-05	2.827518e+13
3.968820e-05	2.895999e+13
3.968845e-05	2.964480e+13
3.968870e-05	3.032957e+13
3.968895e-05	3.115137e+13
3.968920e-05	3.188179e+13
3.968945e-05	3.261219e+13
3.968970e-05	3.325123e+13
3.968995e-05	3.398160e+13
3.969022e-05	3.462057e+13
3.969043e-05	3.535097e+13
3.969069e-05	3.626395e+13
3.969269e-05	4.178612e+13
3.969468e-05	4.794646e+13
3.969668e-05	5.205092e+13
3.969868e-05	5.524147e+13
3.970068e-05	6.025736e+13
3.970267e-05	6.527223e+13
3.970472e-05	7.074231e+13
3.970672e-05	7.621147e+13
3.970872e-05	8.213583e+13
3.971072e-05	8.760273e+13
3.971272e-05	9.352475e+13
3.971472e-05	9.898940e+13
3.971672e-05	1.058213e+14
3.971872e-05	1.135640e+14
3.972072e-05	1.213052e+14
3.972272e-05	1.272208e+14
3.972472e-05	1.322234e+14
3.972672e-05	1.381367e+14
3.975000e-05	1.696392e+14
3.985000e-05	2.779832e+14
3.995000e-05	3.037359e+14
4.005000e-05	3.072062e+14
4.015000e-05	3.188953e+14
4.025000e-05	3.212697e+14
4.035000e-05	3.075714e+14
4.045000e-05	3.057450e+14
4.055000e-05	3.044665e+14
4.065000e-05	2.902203e+14
4.075000e-05	2.973434e+14
4.085000e-05	3.168862e+14
4.095000e-05	3.132334e+14
4.105000e-05	2.798096e+14
4.115000e-05	3.318630e+14
4.125000e-05	3.267490e+14
4.135000e-05	3.207218e+14
4.145000e-05	3.172515e+14
4.155000e-05	3.167036e+14
4.165000e-05	3.364291e+14
4.175000e-05	3.041012e+14
4.185000e-05	3.075714e+14
4.195000e-05	3.106764e+14
4.205000e-05	3.209044e+14
4.215000e-05	3.282101e+14
4.225000e-05	2.889418e+14
4.235000e-05	3.125028e+14
4.245000e-05	3.227308e+14
4.255000e-05	3.095805e+14
4.265000e-05	3.101284e+14
4.275000e-05	2.865674e+14
4.285000e-05	2.898550e+14
4.295000e-05	2.693990e+14
4.305000e-05	2.073002e+14
4.315000e-05	3.079367e+14
4.325000e-05	3.006310e+14
4.332527e-05	2.896061e+14
4.333015e-05	2.878200e+14
4.333449e-05	2.860419e+14
4.334209e-05	2.825017e+14
4.334751e-05	2.789919e+14
4.335130e-05	2.772238e+14
4.335618e-05	2.737238e+14
4.336161e-05	2.710777e+14
4.336974e-05	2.658227e+14
4.337516e-05	2.606042e+14
4.338059e-05	2.536714e+14
4.338710e-05	2.432970e+14
4.339360e-05	2.355027e+14
4.339794e-05	2.225890e+14
4.340173e-05	2.096858e+14
4.340391e-05	2.010895e+14
4.340553e-05	1.933573e+14
4.340824e-05	1.796153e+14
4.340987e-05	1.667424e+14
4.341096e-05	1.547325e+14
4.341258e-05	1.410059e+14
4.341313e-05	1.298592e+14
4.341367e-05	1.152844e+14
4.341421e-05	1.041390e+14
4.341475e-05	7.928039e+13
4.341475e-05	9.299401e+13
4.341529e-05	6.470804e+13
4.341584e-05	5.356459e+13
4.341692e-05	4.756282e+13
4.341800e-05	5.355925e+13
4.341855e-05	6.469834e+13
4.341909e-05	7.926456e+13
4.341909e-05	9.297544e+13
4.341963e-05	1.041130e+14
4.342017e-05	1.152499e+14
4.342071e-05	1.298139e+14
4.342126e-05	1.409496e+14
4.342288e-05	1.546475e+14
4.342397e-05	1.666341e+14
4.342560e-05	1.794717e+14
4.342831e-05	1.931545e+14
4.342993e-05	2.008486e+14
4.343211e-05	2.093927e+14
4.343590e-05	2.222001e+14
4.344024e-05	2.349972e+14
4.344674e-05	2.426294e+14
4.345325e-05	2.528237e+14
4.345868e-05	2.596035e+14
4.346410e-05	2.646698e+14
4.347223e-05	2.696998e+14
4.347766e-05	2.721964e+14
4.348254e-05	2.755530e+14
4.348633e-05	2.772134e+14
4.349175e-05	2.805607e+14
4.349935e-05	2.838779e+14
4.350369e-05	2.855283e+14
4.350857e-05	2.871712e+14
4.355000e-05	3.146945e+14
4.365000e-05	3.523191e+14
4.375000e-05	3.298539e+14
4.385000e-05	2.862022e+14
4.395000e-05	3.333242e+14
4.405000e-05	3.128681e+14
4.415000e-05	3.526843e+14
4.425000e-05	3.616339e+14
4.435000e-05	3.486662e+14
4.445000e-05	3.603554e+14
4.455000e-05	3.325936e+14
4.465000e-05	3.453786e+14
4.475000e-05	3.793503e+14
4.485000e-05	3.603554e+14
4.495000e-05	3.702181e+14
4.505000e-05	3.915874e+14
4.515000e-05	3.851949e+14
4.525000e-05	3.545108e+14
4.535000e-05	3.598074e+14
4.545000e-05	3.614512e+14
4.555000e-05	3.714966e+14
4.565000e-05	3.793503e+14
4.575000e-05	3.835511e+14
4.585000e-05	3.599901e+14
4.595000e-05	3.669305e+14
4.605000e-05	3.725925e+14
4.615000e-05	3.753321e+14
4.625000e-05	3.842817e+14
4.635000e-05	3.725925e+14
4.645000e-05	3.609033e+14
4.655000e-05	3.729578e+14
4.665000e-05	3.508579e+14
4.675000e-05	3.680264e+14
4.685000e-05	3.641909e+14
4.695000e-05	3.634603e+14
4.705000e-05	3.428216e+14
4.715000e-05	3.685743e+14
4.725000e-05	3.727751e+14
4.735000e-05	3.636430e+14
4.745000e-05	3.746016e+14
4.755000e-05	3.682090e+14
4.765000e-05	3.572504e+14
4.775000e-05	3.789850e+14
4.785000e-05	3.669305e+14
4.795000e-05	3.791676e+14
4.805000e-05	3.716793e+14
4.815000e-05	3.817246e+14
4.825000e-05	3.694875e+14
4.835000e-05	3.687570e+14
4.845000e-05	3.596248e+14
4.853111e-05	3.346132e+14
4.853762e-05	3.326676e+14
4.854196e-05	3.307525e+14
4.855118e-05	3.269173e+14
4.855877e-05	3.231065e+14
4.856962e-05	3.183286e+14
4.857558e-05	3.145444e+14
4.858480e-05	3.070159e+14
4.859239e-05	2.985872e+14
4.859836e-05	2.911089e+14
4.860433e-05	2.790071e+14
4.861191e-05	2.567173e+14
4.861680e-05	2.363173e+14
4.861951e-05	2.029973e+14
4.862059e-05	1.761695e+14
4.862168e-05	1.391719e+14
4.862276e-05	1.003282e+14
4.862385e-05	7.905662e+13
4.862493e-05	6.518381e+13
4.862602e-05	5.963345e+13
4.862710e-05	5.685714e+13
4.862818e-05	5.962813e+13
4.862927e-05	6.517218e+13
4.863035e-05	7.903548e+13
4.863144e-05	1.002924e+14
4.863252e-05	1.391098e+14
4.863361e-05	1.760752e+14
4.863469e-05	2.028705e+14
4.863740e-05	2.361172e+14
4.864229e-05	2.563969e+14
4.864987e-05	2.784849e+14
4.865584e-05	2.904215e+14
4.866181e-05	2.977359e+14
4.866940e-05	3.059494e+14
4.867862e-05	3.132142e+14
4.868458e-05	3.168270e+14
4.869543e-05	3.212955e+14
4.870302e-05	3.248819e+14
4.871224e-05	3.284442e+14
4.871658e-05	3.302280e+14
4.872309e-05	3.319816e+14
4.875000e-05	3.342374e+14
4.885000e-05	3.495794e+14
4.895000e-05	3.579810e+14
4.905000e-05	3.665652e+14
4.915000e-05	3.462918e+14
4.925000e-05	3.462918e+14
4.935000e-05	3.448307e+14
4.945000e-05	3.758801e+14
4.955000e-05	3.517711e+14
4.965000e-05	3.683917e+14
4.975000e-05	3.685743e+14
4.985000e-05	3.408125e+14
4.995000e-05	3.598074e+14
5.005000e-05	3.391687e+14
5.015000e-05	3.309498e+14
5.025000e-05	3.459265e+14
5.035000e-05	3.532323e+14
5.045000e-05	3.413605e+14
5.055000e-05	3.640082e+14
5.065000e-05	3.581637e+14
5.075000e-05	3.481183e+14
5.085000e-05	3.504926e+14
5.095000e-05	3.499447e+14
5.105000e-05	3.556066e+14
5.115000e-05	3.647388e+14
5.125000e-05	3.409952e+14
5.135000e-05	3.398993e+14
5.145000e-05	3.422737e+14
5.155000e-05	3.470224e+14
5.165000e-05	3.048318e+14
5.175000e-05	3.152425e+14
5.185000e-05	3.020921e+14
5.195000e-05	3.338721e+14
5.205000e-05	3.344200e+14
5.215000e-05	3.481183e+14
5.225000e-05	3.329589e+14
5.235000e-05	3.459265e+14
5.245000e-05	3.576157e+14
5.255000e-05	3.525017e+14
5.265000e-05	3.057450e+14
5.275000e-05	3.338721e+14
5.285000e-05	3.464745e+14
5.295000e-05	3.503100e+14
5.305000e-05	3.565199e+14
5.315000e-05	3.585289e+14
5.325000e-05	3.232788e+14
5.335000e-05	3.512232e+14
5.345000e-05	3.393514e+14
5.355000e-05	3.634603e+14
5.365000e-05	3.417257e+14
5.375000e-05	3.437348e+14
5.385000e-05	3.477530e+14
5.395000e-05	3.346027e+14
5.405000e-05	3.230961e+14
5.415000e-05	3.435522e+14
5.425000e-05	3.333242e+14
5.435000e-05	3.431869e+14
5.445000e-05	3.431869e+14
5.455000e-05	3.472050e+14
5.465000e-05	3.431869e+14
5.475000e-05	3.347853e+14
5.485000e-05	3.402646e+14
5.495000e-05	3.461092e+14
5.505000e-05	3.400820e+14
5.515000e-05	3.417257e+14
5.525000e-05	3.371597e+14
5.535000e-05	3.437348e+14
5.545000e-05	3.466571e+14
5.555000e-05	3.464745e+14
5.565000e-05	3.325936e+14
5.575000e-05	3.371597e+14
5.585000e-05	3.263837e+14
5.595000e-05	3.302192e+14
5.605000e-05	3.366117e+14
5.615000e-05	3.331415e+14
5.625000e-05	3.378902e+14
5.635000e-05	3.398993e+14
5.645000e-05	3.386208e+14
5.655000e-05	3.283928e+14
5.665000e-05	3.340547e+14
5.675000e-05	3.446480e+14
5.685000e-05	3.305845e+14
5.695000e-05	3.397167e+14
5.705000e-05	3.230961e+14
5.715000e-05	3.329589e+14
5.725000e-05	3.455613e+14
5.735000e-05	3.426390e+14
5.745000e-05	3.409952e+14
5.755000e-05	3.342374e+14
5.765000e-05	3.371597e+14
5.775000e-05	3.391687e+14
5.785000e-05	3.256531e+14
5.795000e-05	3.338721e+14
5.805000e-05	3.356985e+14
5.815000e-05	3.384382e+14
5.825000e-05	3.420910e+14
5.835000e-05	3.391687e+14
5.845000e-05	3.397167e+14
5.855000e-05	3.256531e+14
5.865000e-05	3.342374e+14
5.875000e-05	3.375250e+14
5.885000e-05	3.196259e+14
5.895000e-05	2.944211e+14
5.905000e-05	3.311324e+14
5.915000e-05	3.263837e+14
5.925000e-05	3.302192e+14
5.935000e-05	3.280275e+14
5.945000e-05	3.238267e+14
5.955000e-05	3.254705e+14
5.965000e-05	3.296713e+14
5.975000e-05	3.251052e+14
5.985000e-05	3.209044e+14
5.995000e-05	3.240093e+14
6.005000e-05	3.188953e+14
6.015000e-05	3.198085e+14
6.025000e-05	3.139640e+14
6.035000e-05	3.263837e+14
6.045000e-05	3.243746e+14
6.055000e-05	3.220003e+14
6.065000e-05	3.212697e+14
6.075000e-05	3.209044e+14
6.085000e-05	3.183474e+14
6.095000e-05	3.185300e+14
6.105000e-05	3.110417e+14
6.115000e-05	3.188953e+14
6.125000e-05	3.114069e+14
6.135000e-05	3.073888e+14
6.145000e-05	3.128681e+14
6.155000e-05	3.128681e+14
6.165000e-05	2.938732e+14
6.175000e-05	3.117722e+14
6.185000e-05	3.148772e+14
6.195000e-05	3.117722e+14
6.205000e-05	3.167036e+14
6.215000e-05	3.086673e+14
6.225000e-05	3.128681e+14
6.235000e-05	3.042839e+14
6.245000e-05	3.024574e+14
6.255000e-05	2.980740e+14
6.265000e-05	3.099458e+14
6.275000e-05	3.099458e+14
6.285000e-05	3.099458e+14
6.295000e-05	3.062929e+14
6.310000e-05	2.993525e+14
6.330000e-05	3.015442e+14
6.350000e-05	3.024574e+14
6.370000e-05	3.020921e+14
6.390000e-05	3.015442e+14
6.410000e-05	2.947864e+14
6.430000e-05	2.960649e+14
6.450000e-05	2.971608e+14
6.470000e-05	2.927773e+14
6.490000e-05	2.845584e+14
6.510000e-05	2.933253e+14
6.530000e-05	2.920468e+14
6.550000e-05	2.798096e+14
6.555001e-05	2.697299e+14
6.555652e-05	2.681802e+14
6.556086e-05	2.666488e+14
6.557008e-05	2.635828e+14
6.557767e-05	2.605315e+14
6.558852e-05	2.567086e+14
6.559448e-05	2.536731e+14
6.560370e-05	2.476259e+14
6.561129e-05	2.408472e+14
6.561726e-05	2.348300e+14
6.562323e-05	2.250822e+14
6.563081e-05	2.071172e+14
6.563570e-05	1.906686e+14
6.563841e-05	1.637896e+14
6.563949e-05	1.421451e+14
6.564058e-05	1.122943e+14
6.564166e-05	8.095325e+13
6.564275e-05	6.379028e+13
6.564383e-05	5.259700e+13
6.564492e-05	4.811896e+13
6.564600e-05	4.587925e+13
6.564708e-05	4.811578e+13
6.564817e-05	5.259005e+13
6.564925e-05	6.377764e+13
6.565034e-05	8.093186e+13
6.565142e-05	1.122572e+14
6.565251e-05	1.420887e+14
6.565359e-05	1.637139e+14
6.565630e-05	1.905489e+14
6.566119e-05	2.069256e+14
6.566877e-05	2.247700e+14
6.567474e-05	2.344191e+14
6.568071e-05	2.403384e+14
6.568830e-05	2.469885e+14
6.569752e-05	2.528780e+14
6.570348e-05	2.558111e+14
6.571433e-05	2.594490e+14
6.572192e-05	2.623662e+14
6.573114e-05	2.652690e+14
6.573548e-05	2.667220e+14
6.574199e-05	2.681569e+14
6.590000e-05	2.829146e+14
6.610000e-05	2.869327e+14
6.630000e-05	2.840104e+14
6.650000e-05	2.849237e+14
6.670000e-05	2.803576e+14
6.690000e-05	2.823667e+14
6.710000e-05	2.768874e+14
6.730000e-05	2.778006e+14
6.750000e-05	2.757915e+14
6.770000e-05	2.754262e+14
6.790000e-05	2.735998e+14
6.810000e-05	2.725039e+14
6.830000e-05	2.701295e+14
6.850000e-05	2.657461e+14
6.870000e-05	2.679378e+14
6.890000e-05	2.668420e+14
6.910000e-05	2.644676e+14
6.930000e-05	2.644676e+14
6.950000e-05	2.622759e+14
6.970000e-05	2.586230e+14
6.990000e-05	2.602668e+14
7.010000e-05	2.531437e+14
7.030000e-05	2.535090e+14
7.050000e-05	2.584404e+14
7.070000e-05	2.557007e+14
7.090000e-05	2.527784e+14
7.110000e-05	2.529611e+14
7.130000e-05	2.507693e+14
7.150000e-05	2.494908e+14
7.170000e-05	2.472991e+14
7.190000e-05	2.425504e+14
7.210000e-05	2.430983e+14
7.230000e-05	2.462033e+14
7.250000e-05	2.465686e+14
7.270000e-05	2.458380e+14
7.290000e-05	2.409066e+14
7.310000e-05	2.421851e+14
7.330000e-05	2.407240e+14
7.350000e-05	2.390802e+14
7.370000e-05	2.387149e+14
7.390000e-05	2.334182e+14
7.410000e-05	2.297654e+14
7.430000e-05	2.348794e+14
7.450000e-05	2.336009e+14
7.470000e-05	2.343314e+14
7.490000e-05	2.319571e+14
7.510000e-05	2.304959e+14
7.530000e-05	2.299480e+14
7.550000e-05	2.292174e+14
7.570000e-05	2.279389e+14
7.590000e-05	2.264778e+14
7.610000e-05	2.259299e+14
7.630000e-05	2.266604e+14
7.650000e-05	2.230076e+14
7.670000e-05	2.164324e+14
7.690000e-05	2.197200e+14
7.710000e-05	2.199026e+14
7.730000e-05	2.206332e+14
7.750000e-05	2.169803e+14
7.770000e-05	2.184415e+14
7.790000e-05	2.167977e+14
7.810000e-05	2.167977e+14
7.830000e-05	2.147886e+14
7.850000e-05	2.155192e+14
7.870000e-05	2.149712e+14
7.890000e-05	2.144233e+14
7.910000e-05	2.115010e+14
7.930000e-05	2.087614e+14
7.950000e-05	2.071176e+14
7.970000e-05	2.104052e+14
7.990000e-05	2.073002e+14
8.010000e-05	2.085787e+14
8.030000e-05	2.062044e+14
8.050000e-05	2.036474e+14
8.070000e-05	2.045606e+14
8.090000e-05	1.999945e+14
8.110000e-05	2.034647e+14
8.130000e-05	2.036474e+14
8.150000e-05	2.021862e+14
8.170000e-05	2.016383e+14
8.190000e-05	1.941499e+14
8.210000e-05	1.972548e+14
8.230000e-05	1.959763e+14
8.250000e-05	1.963416e+14
8.260000e-05	1.972548e+14
8.280000e-05	1.974375e+14
8.300000e-05	1.941499e+14
8.320000e-05	1.919582e+14
8.340000e-05	1.901317e+14
8.360000e-05	1.921408e+14
8.380000e-05	1.906797e+14
8.400000e-05	1.899491e+14
8.420000e-05	1.892185e+14
8.440000e-05	1.870268e+14
8.460000e-05	1.877574e+14
8.480000e-05	1.868442e+14
8.487845e-05	1.743364e+14
8.488038e-05	1.743285e+14
8.488254e-05	1.743196e+14
8.488446e-05	1.743117e+14
8.488638e-05	1.743038e+14
8.488855e-05	1.742949e+14
8.489047e-05	1.742870e+14
8.489239e-05	1.730935e+14
8.489432e-05	1.730857e+14
8.489648e-05	1.730769e+14
8.489840e-05	1.730690e+14
8.490033e-05	1.730612e+14
8.490249e-05	1.730524e+14
8.490442e-05	1.730445e+14
8.490634e-05	1.730367e+14
8.490850e-05	1.730279e+14
8.491043e-05	1.730200e+14
8.491235e-05	1.730122e+14
8.491427e-05	1.730043e+14
8.491644e-05	1.729955e+14
8.491836e-05	1.729877e+14
8.492029e-05	1.729798e+14
8.492245e-05	1.729710e+14
8.492438e-05	1.729632e+14
8.492630e-05	1.729553e+14
8.492847e-05	1.717620e+14
8.493039e-05	1.717542e+14
8.493232e-05	1.717464e+14
8.493424e-05	1.717386e+14
8.493641e-05	1.717298e+14
8.493833e-05	1.717221e+14
8.494026e-05	1.705300e+14
8.494242e-05	1.705213e+14
8.494435e-05	1.705136e+14
8.494628e-05	1.693218e+14
8.494844e-05	1.693132e+14
8.495037e-05	1.681216e+14
8.495229e-05	1.669300e+14
8.495432e-05	1.657382e+14
8.495631e-05	1.645467e+14
8.495831e-05	1.633552e+14
8.495932e-05	1.621676e+14
8.496031e-05	1.609801e+14
8.496132e-05	1.597927e+14
8.496231e-05	1.586053e+14
8.496332e-05	1.574180e+14
8.496431e-05	1.550472e+14
8.496532e-05	1.538599e+14
8.496631e-05	1.514893e+14
8.496732e-05	1.479353e+14
8.496830e-05	1.455649e+14
8.496871e-05	1.443801e+14
8.496910e-05	1.420119e+14
8.496951e-05	1.408271e+14
8.496989e-05	1.396424e+14
8.497030e-05	1.384577e+14
8.497071e-05	1.360896e+14
8.497110e-05	1.349050e+14
8.497151e-05	1.325369e+14
8.497189e-05	1.301690e+14
8.497230e-05	1.278011e+14
8.497271e-05	1.254332e+14
8.497310e-05	1.230654e+14
8.497351e-05	1.206976e+14
8.497370e-05	1.195138e+14
8.497389e-05	1.175016e+14
8.497411e-05	1.159627e+14
8.497430e-05	1.144239e+14
8.497449e-05	1.125302e+14
8.497471e-05	1.107547e+14
8.497490e-05	1.086243e+14
8.497510e-05	1.064939e+14
8.497531e-05	1.038902e+14
8.497551e-05	1.008133e+14
8.497570e-05	9.761803e+13
8.497590e-05	9.335789e+13
8.497610e-05	8.838785e+13
8.497630e-05	8.282624e+13
8.497650e-05	7.667308e+13
8.497670e-05	7.146654e+13
8.497690e-05	6.637838e+13
8.497710e-05	6.176355e+13
8.497730e-05	5.774037e+13
8.497750e-05	5.430882e+13
8.497770e-05	5.241545e+13
8.497790e-05	5.075874e+13
8.497810e-05	5.004860e+13
8.497830e-05	4.969341e+13
8.497850e-05	5.004813e+13
8.497870e-05	5.075779e+13
8.497890e-05	5.241397e+13
8.497910e-05	5.430677e+13
8.497930e-05	5.773765e+13
8.497950e-05	6.176006e+13
8.497970e-05	6.637401e+13
8.497990e-05	7.146116e+13
8.498010e-05	7.666658e+13
8.498030e-05	8.281845e+13
8.498050e-05	8.837870e+13
8.498070e-05	9.334734e+13
8.498090e-05	9.760607e+13
8.498109e-05	1.008000e+14
8.498129e-05	1.038756e+14
8.498150e-05	1.064778e+14
8.498170e-05	1.086069e+14
8.498189e-05	1.107360e+14
8.498211e-05	1.125100e+14
8.498230e-05	1.144024e+14
8.498249e-05	1.159398e+14
8.498271e-05	1.174772e+14
8.498290e-05	1.194879e+14
8.498309e-05	1.206704e+14
8.498350e-05	1.230353e+14
8.498389e-05	1.254002e+14
8.498430e-05	1.277650e+14
8.498471e-05	1.301298e+14
8.498509e-05	1.324946e+14
8.498550e-05	1.348592e+14
8.498589e-05	1.360410e+14
8.498630e-05	1.384056e+14
8.498671e-05	1.395872e+14
8.498709e-05	1.407689e+14
8.498750e-05	1.419504e+14
8.498789e-05	1.443149e+14
8.498830e-05	1.454965e+14
8.498929e-05	1.478588e+14
8.499030e-05	1.514038e+14
8.499129e-05	1.537659e+14
8.499230e-05	1.549451e+14
8.499329e-05	1.573070e+14
8.499430e-05	1.584860e+14
8.499529e-05	1.596650e+14
8.499630e-05	1.608439e+14
8.499729e-05	1.620228e+14
8.499830e-05	1.632015e+14
8.500030e-05	1.643764e+14
8.500230e-05	1.655512e+14
8.500432e-05	1.667257e+14
8.500625e-05	1.679006e+14
8.500818e-05	1.690753e+14
8.501035e-05	1.690667e+14
8.501228e-05	1.702412e+14
8.501421e-05	1.702335e+14
8.501638e-05	1.702248e+14
8.501830e-05	1.713992e+14
8.502023e-05	1.713914e+14
8.502240e-05	1.713826e+14
8.502433e-05	1.713749e+14
8.502626e-05	1.713671e+14
8.502819e-05	1.713593e+14
8.503036e-05	1.725323e+14
8.503229e-05	1.725245e+14
8.503422e-05	1.725166e+14
8.503639e-05	1.725078e+14
8.503832e-05	1.725000e+14
8.504025e-05	1.724922e+14
8.504242e-05	1.724834e+14
8.504435e-05	1.724755e+14
8.504628e-05	1.724677e+14
8.504821e-05	1.724599e+14
8.505038e-05	1.724511e+14
8.505231e-05	1.724432e+14
8.505424e-05	1.724354e+14
8.505642e-05	1.724266e+14
8.505835e-05	1.724188e+14
8.506028e-05	1.724109e+14
8.506245e-05	1.724021e+14
8.506438e-05	1.723943e+14
8.506631e-05	1.735672e+14
8.506824e-05	1.735593e+14
8.507041e-05	1.735505e+14
8.507235e-05	1.735426e+14
8.507428e-05	1.735347e+14
8.507645e-05	1.735258e+14
8.507838e-05	1.735180e+14
8.520000e-05	1.819311e+14
8.531919e-05	1.690187e+14
8.532137e-05	1.690100e+14
8.532331e-05	1.690023e+14
8.532526e-05	1.689946e+14
8.532720e-05	1.678134e+14
8.532914e-05	1.678057e+14
8.533133e-05	1.689706e+14
8.533327e-05	1.677895e+14
8.533522e-05	1.677819e+14
8.533716e-05	1.677742e+14
8.533910e-05	1.665934e+14
8.534129e-05	1.665849e+14
8.534323e-05	1.665773e+14
8.534518e-05	1.665697e+14
8.534712e-05	1.653891e+14
8.534931e-05	1.653806e+14
8.535125e-05	1.642003e+14
8.535319e-05	1.641928e+14
8.535514e-05	1.630125e+14
8.535708e-05	1.630051e+14
8.535927e-05	1.629968e+14
8.536121e-05	1.618168e+14
8.536316e-05	1.618094e+14
8.536510e-05	1.606295e+14
8.536705e-05	1.606222e+14
8.536924e-05	1.582693e+14
8.537118e-05	1.582620e+14
8.537313e-05	1.570826e+14
8.537507e-05	1.547310e+14
8.537726e-05	1.547231e+14
8.537920e-05	1.535439e+14
8.538115e-05	1.523649e+14
8.538309e-05	1.511860e+14
8.538504e-05	1.500072e+14
8.538723e-05	1.476557e+14
8.538917e-05	1.464772e+14
8.539112e-05	1.441270e+14
8.539307e-05	1.417770e+14
8.539511e-05	1.394269e+14
8.539713e-05	1.359055e+14
8.539912e-05	1.323845e+14
8.540012e-05	1.312099e+14
8.540112e-05	1.300354e+14
8.540212e-05	1.276894e+14
8.540311e-05	1.253435e+14
8.540411e-05	1.229978e+14
8.540511e-05	1.206522e+14
8.540611e-05	1.194780e+14
8.540710e-05	1.170154e+14
8.540810e-05	1.144358e+14
8.540910e-05	1.122077e+14
8.540951e-05	1.113868e+14
8.540990e-05	1.102145e+14
8.541031e-05	1.090422e+14
8.541070e-05	1.079871e+14
8.541109e-05	1.063464e+14
8.541151e-05	1.051742e+14
8.541190e-05	1.038849e+14
8.541231e-05	1.025956e+14
8.541270e-05	1.013064e+14
8.541311e-05	9.978289e+13
8.541350e-05	9.802525e+13
8.541389e-05	9.615053e+13
8.541431e-05	9.415869e+13
8.541450e-05	9.287002e+13
8.541470e-05	9.158137e+13
8.541491e-05	9.029268e+13
8.541511e-05	8.853561e+13
8.541530e-05	8.677855e+13
8.541550e-05	8.478729e+13
8.541569e-05	8.221051e+13
8.541591e-05	7.893105e+13
8.541611e-05	7.600300e+13
8.541630e-05	7.213811e+13
8.541650e-05	6.768772e+13
8.541670e-05	6.253472e+13
8.541690e-05	5.761599e+13
8.541710e-05	5.258020e+13
8.541730e-05	4.836419e+13
8.541750e-05	4.461664e+13
8.541770e-05	4.133753e+13
8.541790e-05	3.840976e+13
8.541810e-05	3.630174e+13
8.541830e-05	3.466215e+13
8.541850e-05	3.360807e+13
8.541870e-05	3.267111e+13
8.541890e-05	3.220255e+13
8.541910e-05	3.196820e+13
8.541930e-05	3.220225e+13
8.541950e-05	3.267050e+13
8.541970e-05	3.360713e+13
8.541990e-05	3.466085e+13
8.542010e-05	3.630004e+13
8.542030e-05	3.840760e+13
8.542050e-05	4.133482e+13
8.542070e-05	4.461329e+13
8.542090e-05	4.836012e+13
8.542110e-05	5.257528e+13
8.542130e-05	5.761006e+13
8.542150e-05	6.252770e+13
8.542170e-05	6.767947e+13
8.542190e-05	7.212866e+13
8.542209e-05	7.599234e+13
8.542229e-05	7.891927e+13
8.542251e-05	8.219739e+13
8.542270e-05	8.477299e+13
8.542290e-05	8.676312e+13
8.542309e-05	8.851906e+13
8.542329e-05	9.027498e+13
8.542351e-05	9.156248e+13
8.542370e-05	9.285002e+13
8.542389e-05	9.413755e+13
8.542431e-05	9.612709e+13
8.542470e-05	9.799956e+13
8.542509e-05	9.975491e+13
8.542550e-05	1.012760e+14
8.542589e-05	1.025630e+14
8.542630e-05	1.038499e+14
8.542669e-05	1.051368e+14
8.542711e-05	1.063065e+14
8.542750e-05	1.079446e+14
8.542789e-05	1.089973e+14
8.542830e-05	1.101670e+14
8.542869e-05	1.113368e+14
8.542910e-05	1.121552e+14
8.543010e-05	1.143769e+14
8.543110e-05	1.169497e+14
8.543210e-05	1.194053e+14
8.543310e-05	1.205731e+14
8.543409e-05	1.229115e+14
8.543509e-05	1.252497e+14
8.543609e-05	1.275879e+14
8.543709e-05	1.299259e+14
8.543809e-05	1.310933e+14
8.543909e-05	1.322607e+14
8.544108e-05	1.357657e+14
8.544310e-05	1.392703e+14
8.544515e-05	1.416042e+14
8.544710e-05	1.439382e+14
8.544905e-05	1.462720e+14
8.545100e-05	1.474354e+14
8.545319e-05	1.497680e+14
8.545514e-05	1.509312e+14
8.545708e-05	1.520942e+14
8.545903e-05	1.532572e+14
8.546098e-05	1.544201e+14
8.546317e-05	1.544121e+14
8.546512e-05	1.567446e+14
8.546707e-05	1.579071e+14
8.546902e-05	1.578999e+14
8.547122e-05	1.602309e+14
8.547317e-05	1.602236e+14
8.547511e-05	1.613858e+14
8.547706e-05	1.613784e+14
8.547901e-05	1.625404e+14
8.548121e-05	1.625321e+14
8.548316e-05	1.625247e+14
8.548511e-05	1.636864e+14
8.548706e-05	1.636790e+14
8.548901e-05	1.648406e+14
8.549120e-05	1.648321e+14
8.549315e-05	1.659936e+14
8.549510e-05	1.659860e+14
8.549705e-05	1.659784e+14
8.549925e-05	1.659699e+14
8.550120e-05	1.671311e+14
8.550315e-05	1.671234e+14
8.550510e-05	1.671158e+14
8.550705e-05	1.682768e+14
8.550925e-05	1.670996e+14
8.551120e-05	1.670920e+14
8.551315e-05	1.682528e+14
8.551510e-05	1.682451e+14
8.551705e-05	1.682374e+14
8.551925e-05	1.682288e+14
8.560000e-05	1.781686e+14
8.580000e-05	1.835566e+14
8.600000e-05	1.820772e+14
8.620000e-05	1.817119e+14
8.640000e-05	1.825155e+14
8.652006e-05	1.666421e+14
8.652205e-05	1.666344e+14
8.652405e-05	1.666268e+14
8.652605e-05	1.666191e+14
8.652805e-05	1.666114e+14
8.653005e-05	1.654625e+14
8.653204e-05	1.654549e+14
8.653404e-05	1.654473e+14
8.653604e-05	1.654396e+14
8.653804e-05	1.654320e+14
8.654004e-05	1.642835e+14
8.654204e-05	1.642759e+14
8.654403e-05	1.642683e+14
8.654578e-05	1.642617e+14
8.654778e-05	1.631134e+14
8.654978e-05	1.631059e+14
8.655178e-05	1.630984e+14
8.655378e-05	1.619503e+14
8.655578e-05	1.619429e+14
8.655778e-05	1.619354e+14
8.655978e-05	1.607876e+14
8.656178e-05	1.607801e+14
8.656378e-05	1.607727e+14
8.656577e-05	1.596251e+14
8.656777e-05	1.596177e+14
8.656977e-05	1.584703e+14
8.657177e-05	1.584629e+14
8.657377e-05	1.584556e+14
8.657577e-05	1.573084e+14
8.657777e-05	1.573011e+14
8.657977e-05	1.561540e+14
8.658178e-05	1.550071e+14
8.658378e-05	1.538602e+14
8.658578e-05	1.538531e+14
8.658778e-05	1.515668e+14
8.658978e-05	1.504202e+14
8.659178e-05	1.492738e+14
8.659378e-05	1.469880e+14
8.659583e-05	1.447023e+14
8.659781e-05	1.424170e+14
8.659981e-05	1.389926e+14
8.660081e-05	1.378501e+14
8.660181e-05	1.355684e+14
8.660281e-05	1.332869e+14
8.660381e-05	1.310055e+14
8.660481e-05	1.287241e+14
8.660581e-05	1.264429e+14
8.660681e-05	1.230227e+14
8.660781e-05	1.207417e+14
8.660881e-05	1.173218e+14
8.660982e-05	1.139020e+14
8.661022e-05	1.131036e+14
8.661062e-05	1.119636e+14
8.661102e-05	1.108236e+14
8.661142e-05	1.097975e+14
8.661182e-05	1.085436e+14
8.661222e-05	1.074036e+14
8.661259e-05	1.060360e+14
8.661299e-05	1.042127e+14
8.661339e-05	1.027311e+14
8.661379e-05	1.010218e+14
8.661419e-05	9.942639e+13
8.661459e-05	9.748935e+13
8.661500e-05	9.543846e+13
8.661520e-05	9.429914e+13
8.661540e-05	9.304594e+13
8.661560e-05	9.179276e+13
8.661580e-05	8.997015e+13
8.661600e-05	8.803368e+13
8.661620e-05	8.598334e+13
8.661640e-05	8.336359e+13
8.661660e-05	8.028834e+13
8.661680e-05	7.687145e+13
8.661700e-05	7.242966e+13
8.661720e-05	6.764625e+13
8.661740e-05	6.195183e+13
8.661760e-05	5.716853e+13
8.661780e-05	5.227138e+13
8.661800e-05	4.839920e+13
8.661820e-05	4.498258e+13
8.661840e-05	4.111047e+13
8.661860e-05	3.792167e+13
8.661880e-05	3.564393e+13
8.661900e-05	3.382172e+13
8.661920e-05	3.211340e+13
8.661940e-05	3.097449e+13
8.661960e-05	3.063272e+13
8.661980e-05	3.029095e+13
8.662000e-05	3.063243e+13
8.662020e-05	3.097391e+13
8.662040e-05	3.211251e+13
8.662060e-05	3.382047e+13
8.662080e-05	3.564228e+13
8.662100e-05	3.791957e+13
8.662120e-05	4.110781e+13
8.662140e-05	4.497926e+13
8.662160e-05	4.839518e+13
8.662180e-05	5.226655e+13
8.662200e-05	5.716272e+13
8.662220e-05	6.194497e+13
8.662240e-05	6.763812e+13
8.662260e-05	7.242028e+13
8.662280e-05	7.686079e+13
8.662300e-05	8.027646e+13
8.662320e-05	8.335049e+13
8.662340e-05	8.596903e+13
8.662360e-05	8.801822e+13
8.662380e-05	8.995352e+13
8.662400e-05	9.177494e+13
8.662421e-05	9.302702e+13
8.662441e-05	9.427909e+13
8.662461e-05	9.541728e+13
8.662501e-05	9.746592e+13
8.662541e-05	9.940065e+13
8.662581e-05	1.009938e+14
8.662621e-05	1.027007e+14
8.662661e-05	1.041799e+14
8.662701e-05	1.060007e+14
8.662738e-05	1.073660e+14
8.662778e-05	1.085036e+14
8.662818e-05	1.097550e+14
8.662859e-05	1.107786e+14
8.662899e-05	1.119161e+14
8.662939e-05	1.130536e+14
8.662979e-05	1.138495e+14
8.663079e-05	1.172623e+14
8.663179e-05	1.206749e+14
8.663279e-05	1.229489e+14
8.663379e-05	1.263612e+14
8.663479e-05	1.286350e+14
8.663580e-05	1.309087e+14
8.663680e-05	1.331823e+14
8.663780e-05	1.354558e+14
8.663880e-05	1.377292e+14
8.663980e-05	1.388643e+14
8.664180e-05	1.422724e+14
8.664378e-05	1.445421e+14
8.664584e-05	1.468114e+14
8.664784e-05	1.490807e+14
8.664984e-05	1.502118e+14
8.665185e-05	1.513427e+14
8.665385e-05	1.536115e+14
8.665585e-05	1.536044e+14
8.665786e-05	1.547350e+14
8.665986e-05	1.558656e+14
8.666187e-05	1.569960e+14
8.666387e-05	1.569887e+14
8.666587e-05	1.581190e+14
8.666788e-05	1.581117e+14
8.666988e-05	1.581044e+14
8.667189e-05	1.592345e+14
8.667389e-05	1.592271e+14
8.667590e-05	1.603570e+14
8.667790e-05	1.603496e+14
8.667991e-05	1.603422e+14
8.668191e-05	1.614719e+14
8.668392e-05	1.614644e+14
8.668592e-05	1.614570e+14
8.668793e-05	1.625865e+14
8.668993e-05	1.625789e+14
8.669194e-05	1.625714e+14
8.669394e-05	1.637007e+14
8.669570e-05	1.636941e+14
8.669770e-05	1.636865e+14
8.669971e-05	1.636789e+14
8.670172e-05	1.648080e+14
8.670372e-05	1.648003e+14
8.670573e-05	1.647927e+14
8.670773e-05	1.647851e+14
8.670974e-05	1.647775e+14
8.671175e-05	1.659062e+14
8.671375e-05	1.658985e+14
8.671576e-05	1.658908e+14
8.671777e-05	1.658831e+14
8.671977e-05	1.658755e+14
8.680000e-05	1.715934e+14
8.700000e-05	1.780225e+14
8.720000e-05	1.795932e+14
8.740000e-05	1.774015e+14
8.760000e-05	1.760682e+14
8.780000e-05	1.780590e+14
8.800000e-05	1.744975e+14
8.820000e-05	1.737121e+14
8.840000e-05	1.749541e+14
8.860000e-05	1.713743e+14
8.880000e-05	1.724701e+14
8.900000e-05	1.740591e+14
8.920000e-05	1.715752e+14
8.940000e-05	1.704428e+14
8.960000e-05	1.714473e+14
8.980000e-05	1.705706e+14
9.000000e-05	1.672648e+14
9.020000e-05	1.628448e+14
9.040000e-05	1.695844e+14
9.060000e-05	1.675936e+14
9.080000e-05	1.648356e+14
9.100000e-05	1.628448e+14
9.120000e-05	1.637763e+14
9.140000e-05	1.656758e+14
9.160000e-05	1.644521e+14
9.180000e-05	1.634841e+14
9.200000e-05	1.626987e+14
9.220000e-05	1.576212e+14
9.240000e-05	1.567993e+14
9.260000e-05	1.572925e+14
9.280000e-05	1.601600e+14
9.300000e-05	1.584797e+14
9.320000e-05	1.580048e+14
9.340000e-05	1.578221e+14
9.360000e-05	1.561053e+14
9.380000e-05	1.567080e+14
9.400000e-05	1.541145e+14
9.420000e-05	1.506808e+14
9.440000e-05	1.520323e+14
9.460000e-05	1.529638e+14
9.480000e-05	1.535483e+14
9.500000e-05	1.528542e+14
9.520000e-05	1.519045e+14
9.540000e-05	1.475758e+14
9.560000e-05	1.476124e+14
9.580000e-05	1.495484e+14
9.600000e-05	1.488726e+14
9.620000e-05	1.477402e+14
9.640000e-05	1.463521e+14
9.660000e-05	1.451467e+14
9.680000e-05	1.455485e+14
9.700000e-05	1.453659e+14
9.720000e-05	1.449458e+14
9.740000e-05	1.427358e+14
9.760000e-05	1.429184e+14
9.780000e-05	1.420783e+14
9.800000e-05	1.414756e+14
9.820000e-05	1.418043e+14
9.840000e-05	1.405989e+14
9.860000e-05	1.399231e+14
9.880000e-05	1.390829e+14
9.900000e-05	1.377314e+14
9.920000e-05	1.382062e+14
9.940000e-05	1.380053e+14
9.960000e-05	1.374391e+14
9.980000e-05	1.371652e+14
1.000000e-04	1.365990e+14
1.002000e-04	1.364163e+14
1.004000e-04	1.326174e+14
1.006000e-04	1.303343e+14
1.008000e-04	1.339689e+14
1.010000e-04	1.335671e+14
1.012000e-04	1.326356e+14
1.014000e-04	1.316859e+14
1.016000e-04	1.303891e+14
1.018000e-04	1.298046e+14
1.020000e-04	1.285992e+14
1.022000e-04	1.282339e+14
1.024000e-04	1.288366e+14
1.026000e-04	1.283435e+14
1.028000e-04	1.276495e+14
1.030000e-04	1.266997e+14
1.032000e-04	1.261152e+14
1.034000e-04	1.245080e+14
1.036000e-04	1.249281e+14
1.038000e-04	1.236861e+14
1.040000e-04	1.234852e+14
1.042000e-04	1.232112e+14
1.044000e-04	1.226268e+14
1.046000e-04	1.205446e+14
1.048000e-04	1.213483e+14
1.050000e-04	1.209464e+14
1.052000e-04	1.202889e+14
1.054000e-04	1.196131e+14
1.056000e-04	1.197593e+14
1.058000e-04	1.178232e+14
1.060000e-04	1.171657e+14
1.062000e-04	1.175858e+14
1.064000e-04	1.179694e+14
1.066000e-04	1.168004e+14
1.068000e-04	1.153758e+14
1.070000e-04	1.139877e+14
1.072000e-04	1.155402e+14
1.074000e-04	1.146270e+14
1.076000e-04	1.147000e+14
1.078000e-04	1.145539e+14
1.080000e-04	1.140973e+14
1.082000e-04	1.113942e+14
1.084000e-04	1.128736e+14
1.086000e-04	1.133850e+14
1.088000e-04	1.114672e+14
1.090000e-04	1.132206e+14
1.092000e-04	1.124901e+14
1.094000e-04	1.068281e+14
1.096000e-04	1.092755e+14
1.098000e-04	1.088737e+14
1.100000e-04	1.103531e+14
1.102000e-04	1.083440e+14
1.104000e-04	1.091111e+14
1.106000e-04	1.085815e+14
1.108000e-04	1.080518e+14
1.110000e-04	1.078692e+14
1.112000e-04	1.067185e+14
1.114000e-04	1.067368e+14
1.116000e-04	1.064993e+14
1.118000e-04	1.062071e+14
1.120000e-04	1.048556e+14
1.122000e-04	1.058601e+14
1.124000e-04	1.053670e+14
1.126000e-04	1.032848e+14
1.128000e-04	1.041067e+14
1.130000e-04	1.032483e+14
1.132000e-04	1.037049e+14
1.134000e-04	1.029743e+14
1.136000e-04	1.033396e+14
1.138000e-04	1.017141e+14
1.140000e-04	1.010018e+14
1.142000e-04	1.010200e+14
1.144000e-04	1.007096e+14
1.146000e-04	1.013305e+14
1.148000e-04	1.009105e+14
1.150000e-04	1.002529e+14
1.152000e-04	9.968675e+13
1.154000e-04	1.000703e+14
1.156000e-04	9.963196e+13
1.158000e-04	9.926667e+13
1.160000e-04	9.716627e+13
1.162000e-04	9.725760e+13
1.164000e-04	9.738545e+13
1.166000e-04	9.685578e+13
1.168000e-04	9.702016e+13
1.170000e-04	9.636264e+13
1.172000e-04	9.707495e+13
1.174000e-04	9.630785e+13
1.176000e-04	9.468232e+13
1.178000e-04	9.479191e+13
1.180000e-04	9.568686e+13
1.182000e-04	9.422572e+13
1.184000e-04	9.320291e+13
1.186000e-04	9.473712e+13
1.188000e-04	9.269151e+13
1.190000e-04	9.287415e+13
1.192000e-04	9.426224e+13
1.194000e-04	9.397001e+13
1.196000e-04	9.285589e+13
1.198000e-04	9.028062e+13
1.200000e-04	9.137648e+13
1.202000e-04	9.256366e+13
1.204000e-04	9.037194e+13
1.206000e-04	9.203399e+13
1.208000e-04	8.931261e+13
1.210000e-04	8.916649e+13
1.212000e-04	9.009798e+13
1.214000e-04	9.026235e+13
1.216000e-04	9.004318e+13
1.218000e-04	8.944046e+13
1.220000e-04	8.903864e+13
1.222000e-04	8.865509e+13
1.224000e-04	8.850898e+13
1.226000e-04	8.797931e+13
1.228000e-04	8.713915e+13
1.230000e-04	8.752270e+13
1.232000e-04	8.675560e+13
1.234000e-04	8.637205e+13
1.236000e-04	8.618941e+13
1.238000e-04	8.589718e+13
1.240000e-04	8.498396e+13
1.242000e-04	8.478305e+13
1.244000e-04	8.436297e+13
1.246000e-04	8.465520e+13
1.248000e-04	8.461867e+13
1.250000e-04	8.445429e+13
1.252000e-04	8.348628e+13
1.254000e-04	8.354108e+13
1.256000e-04	8.312100e+13
1.258000e-04	8.279224e+13
1.260000e-04	8.273745e+13
1.262000e-04	8.213472e+13
1.264000e-04	8.178770e+13
1.266000e-04	8.158679e+13
1.268000e-04	8.067358e+13
1.270000e-04	8.133109e+13
1.272000e-04	8.131283e+13
1.274000e-04	8.092928e+13
1.276000e-04	8.129456e+13
1.278000e-04	8.109366e+13
1.280000e-04	7.955945e+13
1.281158e-04	7.687240e+13
1.281208e-04	7.677549e+13
1.281258e-04	7.666423e+13
1.281308e-04	7.653864e+13
1.281358e-04	7.638915e+13
1.281408e-04	7.623968e+13
1.281458e-04	7.607589e+13
1.281508e-04	7.588582e+13
1.281558e-04	7.566947e+13
1.281608e-04	7.542925e+13
1.281658e-04	7.516037e+13
1.281708e-04	7.483894e+13
1.281758e-04	7.446737e+13
1.281808e-04	7.402892e+13
1.281858e-04	7.349972e+13
1.281908e-04	7.286305e+13
1.281958e-04	7.203292e+13
1.281968e-04	7.182150e+13
1.281978e-04	7.158381e+13
1.281988e-04	7.130789e+13
1.281998e-04	7.097941e+13
1.282008e-04	7.061270e+13
1.282018e-04	7.015282e+13
1.282028e-04	6.961410e+13
1.282038e-04	6.894398e+13
1.282048e-04	6.811857e+13
1.282058e-04	6.709488e+13
1.282068e-04	6.586334e+13
1.282078e-04	6.443354e+13
1.282088e-04	6.276963e+13
1.282098e-04	6.081430e+13
1.282108e-04	5.858667e+13
1.282118e-04	5.626832e+13
1.282128e-04	5.418417e+13
1.282138e-04	5.259700e+13
1.282148e-04	5.162864e+13
1.282158e-04	5.128621e+13
1.282168e-04	5.162703e+13
1.282178e-04	5.259372e+13
1.282188e-04	5.417910e+13
1.282198e-04	5.626130e+13
1.282208e-04	5.857753e+13
1.282218e-04	6.080292e+13
1.282228e-04	6.275593e+13
1.282238e-04	6.441746e+13
1.282248e-04	6.584485e+13
1.282258e-04	6.707395e+13
1.282268e-04	6.809520e+13
1.282278e-04	6.891818e+13
1.282288e-04	6.958588e+13
1.282298e-04	7.012219e+13
1.282308e-04	7.057967e+13
1.282318e-04	7.094399e+13
1.282328e-04	7.127008e+13
1.282338e-04	7.154362e+13
1.282348e-04	7.177895e+13
1.282358e-04	7.198799e+13
1.282408e-04	7.280625e+13
1.282458e-04	7.343096e+13
1.282508e-04	7.394813e+13
1.282558e-04	7.437450e+13
1.282608e-04	7.473395e+13
1.282658e-04	7.504322e+13
1.282708e-04	7.529993e+13
1.282758e-04	7.552796e+13
1.282808e-04	7.573209e+13
1.282858e-04	7.590994e+13
1.282908e-04	7.606151e+13
1.282958e-04	7.619874e+13
1.283008e-04	7.633595e+13
1.283058e-04	7.644928e+13
1.283108e-04	7.654828e+13
1.283158e-04	7.663295e+13
1.284000e-04	7.778781e+13
1.286000e-04	7.904805e+13
1.288000e-04	7.879235e+13
1.290000e-04	7.771475e+13
1.292000e-04	7.769649e+13
1.294000e-04	7.713030e+13
1.296000e-04	7.714856e+13
1.298000e-04	7.641799e+13
1.300000e-04	7.645452e+13
1.302000e-04	7.559609e+13
1.304000e-04	7.508469e+13
1.306000e-04	7.554130e+13
1.308000e-04	7.530386e+13
1.310000e-04	7.499337e+13
1.312000e-04	7.366007e+13
1.314000e-04	7.345916e+13
1.316000e-04	7.267380e+13
1.318000e-04	7.336784e+13
1.320000e-04	7.334958e+13
1.322000e-04	7.280165e+13
1.324000e-04	7.271033e+13
1.326000e-04	7.212587e+13
1.328000e-04	7.137703e+13
1.330000e-04	7.082910e+13
1.332000e-04	7.055513e+13
1.334000e-04	7.108480e+13
1.336000e-04	7.060993e+13
1.338000e-04	6.998894e+13
1.340000e-04	6.922184e+13
1.342000e-04	6.949580e+13
1.344000e-04	6.936795e+13
1.346000e-04	6.889308e+13
1.348000e-04	6.878349e+13
1.350000e-04	6.801639e+13
1.352000e-04	6.834515e+13
1.354000e-04	6.797986e+13
1.356000e-04	6.712144e+13
1.358000e-04	6.735888e+13
1.360000e-04	6.708491e+13
1.362000e-04	6.715797e+13
1.364000e-04	6.679268e+13
1.366000e-04	6.679268e+13
1.368000e-04	6.626302e+13
1.370000e-04	6.573335e+13
1.372000e-04	6.613516e+13
1.374000e-04	6.595252e+13
1.376000e-04	6.503930e+13
1.378000e-04	6.538633e+13
1.380000e-04	6.536806e+13
1.382000e-04	6.474708e+13
1.384000e-04	6.478360e+13
1.386000e-04	6.450964e+13
1.388000e-04	6.447311e+13
1.390000e-04	6.403477e+13
1.392000e-04	6.416262e+13
1.394000e-04	6.370601e+13
1.396000e-04	6.368774e+13
1.398000e-04	6.377907e+13
1.400000e-04	6.259188e+13
1.402000e-04	6.281106e+13
1.404000e-04	6.261015e+13
1.406000e-04	6.266494e+13
1.408000e-04	6.259188e+13
1.410000e-04	6.242750e+13
1.412000e-04	6.114900e+13
1.414000e-04	6.167867e+13
1.416000e-04	6.182478e+13
1.418000e-04	6.184305e+13
1.420000e-04	6.131338e+13
1.422000e-04	6.054628e+13
1.424000e-04	6.047322e+13
1.426000e-04	5.992529e+13
1.428000e-04	5.999835e+13
1.430000e-04	5.948695e+13
1.432000e-04	6.027231e+13
1.434000e-04	5.998008e+13
1.436000e-04	5.999835e+13
1.438000e-04	5.996182e+13
1.440000e-04	5.822671e+13
1.442000e-04	5.819018e+13
1.444000e-04	5.839109e+13
1.446000e-04	5.873811e+13
1.448000e-04	5.873811e+13
1.450000e-04	5.820844e+13
1.452000e-04	5.760572e+13
1.454000e-04	5.740481e+13
1.456000e-04	5.718564e+13
1.458000e-04	5.784316e+13
1.460000e-04	5.764225e+13
1.462000e-04	5.700300e+13
1.464000e-04	5.671077e+13
1.466000e-04	5.676556e+13
1.468000e-04	5.687515e+13
1.470000e-04	5.665597e+13
1.472000e-04	5.612631e+13
1.474000e-04	5.541400e+13
1.476000e-04	5.566970e+13
1.478000e-04	5.559664e+13
1.480000e-04	5.603499e+13
1.482000e-04	5.559664e+13
1.484000e-04	5.550532e+13
1.486000e-04	5.539573e+13
1.488000e-04	5.214468e+13
1.490000e-04	5.506698e+13
1.492000e-04	5.512177e+13
1.494000e-04	5.539573e+13
1.496000e-04	5.428161e+13
1.498000e-04	5.468343e+13
1.500000e-04	5.499392e+13
1.502000e-04	5.340492e+13
1.504000e-04	5.112188e+13
1.506000e-04	5.201683e+13
1.508000e-04	5.331360e+13
1.510000e-04	5.382500e+13
1.512000e-04	5.320401e+13
1.514000e-04	5.265608e+13
1.516000e-04	5.263782e+13
1.518000e-04	5.267435e+13
1.520000e-04	5.234559e+13
1.522000e-04	5.157849e+13
1.524000e-04	5.177940e+13
1.526000e-04	5.198030e+13
1.528000e-04	5.198030e+13
1.530000e-04	5.050089e+13
1.532000e-04	5.156022e+13
1.534000e-04	5.084791e+13
1.536000e-04	5.124973e+13
1.538000e-04	5.064701e+13
1.540000e-04	4.986164e+13
1.542000e-04	5.028172e+13
1.544000e-04	5.073833e+13
1.546000e-04	5.062874e+13
1.548000e-04	4.951462e+13
1.550000e-04	4.955115e+13
1.552000e-04	4.987990e+13
1.554000e-04	4.887537e+13
1.556000e-04	4.878404e+13
1.558000e-04	4.911280e+13
1.560000e-04	4.900322e+13
1.562000e-04	4.925892e+13
1.564000e-04	4.874752e+13
1.566000e-04	4.847355e+13
1.568000e-04	4.809000e+13
1.570000e-04	4.830917e+13
1.572000e-04	4.882057e+13
1.574000e-04	4.766992e+13
1.576000e-04	4.631836e+13
1.578000e-04	4.651927e+13
1.580000e-04	4.840049e+13
1.582000e-04	4.730463e+13
1.584000e-04	4.732290e+13
1.586000e-04	4.746901e+13
1.588000e-04	4.547820e+13
1.590000e-04	4.392573e+13
1.592000e-04	4.613572e+13
1.594000e-04	4.717678e+13
1.596000e-04	4.577043e+13
1.598000e-04	4.648274e+13
1.600000e-04	4.588001e+13
1.602000e-04	4.545994e+13
1.604000e-04	4.560605e+13
1.606000e-04	4.524076e+13
1.608000e-04	4.549646e+13
1.610000e-04	4.383441e+13
1.612000e-04	4.438234e+13
1.614000e-04	4.472936e+13
1.616000e-04	4.335954e+13
1.618000e-04	4.425449e+13
1.620000e-04	4.326821e+13
1.622000e-04	4.352392e+13
1.624000e-04	4.412664e+13
1.626000e-04	4.387094e+13
1.628000e-04	4.416317e+13
1.630000e-04	4.370656e+13
1.632000e-04	4.359697e+13
1.634000e-04	4.308557e+13
1.636000e-04	4.304904e+13
1.638000e-04	4.153310e+13
1.640000e-04	4.131393e+13
1.642000e-04	4.138699e+13
1.644000e-04	4.160616e+13
1.646000e-04	4.189839e+13
1.648000e-04	4.186186e+13
1.650000e-04	4.149657e+13
1.652000e-04	4.142352e+13
1.654000e-04	4.131393e+13
1.656000e-04	4.127740e+13
1.658000e-04	4.113129e+13
1.660000e-04	4.100344e+13
1.662000e-04	4.102170e+13
1.664000e-04	4.067468e+13
1.666000e-04	4.040071e+13
1.668000e-04	4.005369e+13
1.670000e-04	4.063815e+13
1.672000e-04	3.968840e+13
1.674000e-04	4.005369e+13
1.676000e-04	3.946923e+13
1.678000e-04	3.959708e+13
1.680000e-04	3.798982e+13
1.682000e-04	3.751495e+13
1.684000e-04	3.888477e+13
1.686000e-04	3.892130e+13
1.688000e-04	3.872039e+13
1.690000e-04	3.844643e+13
1.692000e-04	3.877519e+13
1.694000e-04	3.857428e+13
1.696000e-04	3.835511e+13
1.698000e-04	3.815420e+13
1.700000e-04	3.767933e+13
1.702000e-04	3.738710e+13
1.704000e-04	3.747842e+13
1.706000e-04	3.744189e+13
1.708000e-04	3.683917e+13
1.710000e-04	3.676611e+13
1.712000e-04	3.619992e+13
1.714000e-04	3.720445e+13
1.716000e-04	3.693049e+13
1.718000e-04	3.671132e+13
1.720000e-04	3.640082e+13
1.722000e-04	3.607207e+13
1.724000e-04	3.568851e+13
1.726000e-04	3.619992e+13
1.728000e-04	3.599901e+13
1.730000e-04	3.623644e+13
1.732000e-04	3.535976e+13
1.734000e-04	3.422737e+13
1.736000e-04	3.336894e+13
1.738000e-04	3.402646e+13
1.740000e-04	3.479356e+13
1.742000e-04	3.473877e+13
1.744000e-04	3.483009e+13
1.746000e-04	3.409952e+13
1.748000e-04	3.419084e+13
1.750000e-04	3.393514e+13
1.752000e-04	3.378902e+13
1.754000e-04	3.389861e+13
1.756000e-04	3.377076e+13
1.758000e-04	3.366117e+13
1.760000e-04	3.344200e+13
1.762000e-04	3.274796e+13
1.764000e-04	3.300366e+13
1.766000e-04	3.318630e+13
1.768000e-04	3.291234e+13
1.770000e-04	3.271143e+13
1.772000e-04	3.276622e+13
1.774000e-04	3.272969e+13
1.776000e-04	3.220003e+13
1.778000e-04	3.190780e+13
1.780000e-04	3.207218e+13
1.782000e-04	3.190780e+13
1.784000e-04	3.168862e+13
1.786000e-04	3.176168e+13
1.788000e-04	3.190780e+13
1.790000e-04	3.165210e+13
1.792000e-04	3.143292e+13
1.794000e-04	3.121375e+13
1.796000e-04	3.115896e+13
1.798000e-04	3.110417e+13
1.800000e-04	3.103111e+13
1.802000e-04	3.053797e+13
1.804000e-04	3.083020e+13
1.806000e-04	3.083020e+13
1.808000e-04	3.077541e+13
1.810000e-04	3.079367e+13
1.812000e-04	3.059276e+13
1.814000e-04	3.028227e+13
1.816000e-04	2.931426e+13
1.818000e-04	2.776179e+13
1.820000e-04	2.914988e+13
1.822000e-04	2.918641e+13
1.824000e-04	2.966128e+13
1.826000e-04	2.973434e+13
1.828000e-04	2.942385e+13
1.830000e-04	2.933253e+13
1.832000e-04	2.909509e+13
1.834000e-04	2.894897e+13
1.836000e-04	2.887592e+13
1.838000e-04	2.852889e+13
1.840000e-04	2.852889e+13
1.842000e-04	2.812708e+13
1.844000e-04	2.814534e+13
1.846000e-04	2.803576e+13
1.848000e-04	2.757915e+13
1.850000e-04	2.823667e+13
1.852000e-04	2.801749e+13
1.854000e-04	2.785311e+13
1.856000e-04	2.756088e+13
1.858000e-04	2.785311e+13
1.860000e-04	2.745130e+13
1.862000e-04	2.746956e+13
1.864000e-04	2.756088e+13
1.866000e-04	2.728692e+13
1.868000e-04	2.725039e+13
1.870000e-04	2.754262e+13
1.872000e-04	2.690337e+13
1.874000e-04	2.558834e+13
1.874640e-04	2.458763e+13
1.874690e-04	2.451167e+13
1.874740e-04	2.443467e+13
1.874790e-04	2.434594e+13
1.874840e-04	2.424442e+13
1.874890e-04	2.415571e+13
1.874940e-04	2.405422e+13
1.874990e-04	2.394102e+13
1.875040e-04	2.382675e+13
1.875090e-04	2.371357e+13
1.875140e-04	2.357376e+13
1.875190e-04	2.339772e+13
1.875240e-04	2.318441e+13
1.875290e-04	2.289546e+13
1.875340e-04	2.251917e+13
1.875390e-04	2.200547e+13
1.875440e-04	2.132882e+13
1.875450e-04	2.116558e+13
1.875460e-04	2.100341e+13
1.875470e-04	2.081568e+13
1.875480e-04	2.060238e+13
1.875490e-04	2.035286e+13
1.875500e-04	2.002771e+13
1.875510e-04	1.960242e+13
1.875520e-04	1.903972e+13
1.875530e-04	1.835131e+13
1.875540e-04	1.758835e+13
1.875550e-04	1.681369e+13
1.875560e-04	1.606354e+13
1.875570e-04	1.538798e+13
1.875580e-04	1.482536e+13
1.875590e-04	1.437566e+13
1.875600e-04	1.400054e+13
1.875610e-04	1.369999e+13
1.875620e-04	1.347509e+13
1.875630e-04	1.332475e+13
1.875640e-04	1.327454e+13
1.875650e-04	1.332446e+13
1.875660e-04	1.347451e+13
1.875670e-04	1.369912e+13
1.875680e-04	1.399935e+13
1.875690e-04	1.437413e+13
1.875700e-04	1.482346e+13
1.875710e-04	1.538569e+13
1.875720e-04	1.606080e+13
1.875730e-04	1.681046e+13
1.875740e-04	1.758460e+13
1.875750e-04	1.834701e+13
1.875760e-04	1.903484e+13
1.875770e-04	1.959699e+13
1.875780e-04	2.002173e+13
1.875790e-04	2.034635e+13
1.875800e-04	2.059535e+13
1.875810e-04	2.080813e+13
1.875820e-04	2.099535e+13
1.875830e-04	2.115701e+13
1.875840e-04	2.131972e+13
1.875890e-04	2.199374e+13
1.875940e-04	2.250477e+13
1.875990e-04	2.287838e+13
1.876040e-04	2.316464e+13
1.876090e-04	2.337528e+13
1.876140e-04	2.354863e+13
1.876190e-04	2.368577e+13
1.876240e-04	2.379629e+13
1.876290e-04	2.390785e+13
1.876340e-04	2.401834e+13
1.876390e-04	2.411711e+13
1.876440e-04	2.420310e+13
1.876490e-04	2.430184e+13
1.876540e-04	2.438781e+13
1.876590e-04	2.446206e+13
1.876640e-04	2.453525e+13
1.878000e-04	2.631891e+13
1.880000e-04	2.670246e+13
1.882000e-04	2.692163e+13
1.884000e-04	2.673899e+13
1.886000e-04	2.628238e+13
1.888000e-04	2.653808e+13
1.890000e-04	2.600842e+13
1.892000e-04	2.571619e+13
1.894000e-04	2.549701e+13
1.896000e-04	2.507693e+13
1.898000e-04	2.538743e+13
1.900000e-04	2.551528e+13
1.902000e-04	2.573445e+13
1.904000e-04	2.531437e+13
1.906000e-04	2.538743e+13
1.908000e-04	2.514999e+13
1.910000e-04	2.516826e+13
1.912000e-04	2.472991e+13
1.914000e-04	2.502214e+13
1.916000e-04	2.483950e+13
1.918000e-04	2.471165e+13
1.920000e-04	2.434636e+13
1.922000e-04	2.465686e+13
1.924000e-04	2.449248e+13
1.926000e-04	2.454727e+13
1.928000e-04	2.414545e+13
1.930000e-04	2.398107e+13
1.932000e-04	2.388975e+13
1.934000e-04	2.410893e+13
1.936000e-04	2.425504e+13
1.938000e-04	2.412719e+13
1.940000e-04	2.372537e+13
1.942000e-04	2.363405e+13
1.944000e-04	2.197200e+13
1.946000e-04	2.177109e+13
1.948000e-04	2.321397e+13
1.950000e-04	2.303133e+13
1.952000e-04	2.292174e+13
1.954000e-04	2.348794e+13
1.956000e-04	2.330529e+13
1.958000e-04	2.321397e+13
1.960000e-04	2.303133e+13
1.962000e-04	2.264778e+13
1.964000e-04	2.231902e+13
1.966000e-04	2.248340e+13
1.968000e-04	2.264778e+13
1.970000e-04	2.262951e+13
1.972000e-04	2.215464e+13
1.974000e-04	2.206332e+13
1.976000e-04	2.235555e+13
1.978000e-04	2.180762e+13
1.980000e-04	2.184415e+13
1.982000e-04	2.200853e+13
1.984000e-04	2.186241e+13
1.986000e-04	2.151539e+13
1.988000e-04	2.182588e+13
1.990000e-04	2.188068e+13
1.992000e-04	2.155192e+13
1.994000e-04	2.122316e+13
1.996000e-04	2.142407e+13
1.998000e-04	2.116837e+13
2.000000e-04	2.136927e+13
2.002000e-04	2.120490e+13
2.004000e-04	2.096746e+13
2.006000e-04	2.094919e+13
2.008000e-04	2.107705e+13
2.010000e-04	2.098572e+13
2.012000e-04	2.091267e+13
2.014000e-04	2.078482e+13
2.016000e-04	2.076655e+13
2.018000e-04	2.071176e+13
2.020000e-04	2.038300e+13
2.022000e-04	2.021862e+13
2.024000e-04	2.038300e+13
2.026000e-04	2.036474e+13
2.028000e-04	2.021862e+13
2.030000e-04	1.983507e+13
2.032000e-04	2.005424e+13
2.034000e-04	1.994466e+13
2.036000e-04	1.978028e+13
2.038000e-04	1.943325e+13
2.040000e-04	1.968896e+13
2.042000e-04	1.965243e+13
2.044000e-04	1.965243e+13
2.046000e-04	1.956111e+13
2.048000e-04	1.941499e+13
2.050000e-04	1.934193e+13
2.052000e-04	1.912276e+13
2.054000e-04	1.910450e+13
2.056000e-04	1.910450e+13
2.058000e-04	1.899491e+13
2.060000e-04	1.877574e+13
2.062000e-04	1.868442e+13
2.064000e-04	1.835566e+13
2.066000e-04	1.872095e+13
2.068000e-04	1.861136e+13
2.070000e-04	1.831913e+13
2.072000e-04	1.833739e+13
2.074000e-04	1.842872e+13
2.076000e-04	1.837392e+13
2.078000e-04	1.826434e+13
2.080000e-04	1.804151e+13
2.082000e-04	1.801594e+13
2.084000e-04	1.784791e+13
2.086000e-04	1.799402e+13
2.088000e-04	1.796298e+13
2.090000e-04	1.787713e+13
2.092000e-04	1.747349e+13
2.094000e-04	1.752098e+13
2.096000e-04	1.749723e+13
2.098000e-04	1.757029e+13
2.100000e-04	1.754472e+13
2.102000e-04	1.749176e+13
2.104000e-04	1.745888e+13
2.106000e-04	1.748628e+13
2.108000e-04	1.737486e+13
2.110000e-04	1.716117e+13
2.112000e-04	1.726345e+13
2.114000e-04	1.723423e+13
2.116000e-04	1.704245e+13
2.118000e-04	1.700592e+13
2.120000e-04	1.694017e+13
2.122000e-04	1.694017e+13
2.124000e-04	1.678310e+13
2.126000e-04	1.681780e+13
2.128000e-04	1.684885e+13
2.130000e-04	1.681963e+13
2.132000e-04	1.682145e+13
2.134000e-04	1.672100e+13
2.136000e-04	1.645982e+13
2.138000e-04	1.663881e+13
2.140000e-04	1.658950e+13
2.142000e-04	1.655480e+13
2.144000e-04	1.644886e+13
2.146000e-04	1.632649e+13
2.148000e-04	1.639955e+13
2.150000e-04	1.635937e+13
2.152000e-04	1.627900e+13
2.154000e-04	1.621508e+13
2.156000e-04	1.620777e+13
2.158000e-04	1.614933e+13
2.160000e-04	1.603791e+13
2.162000e-04	1.586440e+13
2.164000e-04	1.544432e+13
2.166000e-04	1.433568e+13
2.168000e-04	1.515940e+13
2.170000e-04	1.562879e+13
2.172000e-04	1.569089e+13
2.174000e-04	1.569272e+13
2.176000e-04	1.558313e+13
2.178000e-04	1.538770e+13
2.180000e-04	1.551921e+13
2.182000e-04	1.538770e+13
2.184000e-04	1.544615e+13
2.186000e-04	1.546076e+13
2.188000e-04	1.511739e+13
2.190000e-04	1.516671e+13
2.192000e-04	1.530004e+13
2.194000e-04	1.524890e+13
2.196000e-04	1.519228e+13
2.198000e-04	1.515757e+13
2.200000e-04	1.509547e+13
2.202000e-04	1.503155e+13
2.204000e-04	1.499685e+13
2.206000e-04	1.454937e+13
2.208000e-04	1.454937e+13
2.210000e-04	1.475758e+13
2.212000e-04	1.480325e+13
2.214000e-04	1.474297e+13
2.216000e-04	1.460051e+13
2.218000e-04	1.455668e+13
2.220000e-04	1.460599e+13
2.222000e-04	1.454207e+13
2.224000e-04	1.447631e+13
2.226000e-04	1.426627e+13
2.228000e-04	1.429367e+13
2.230000e-04	1.430280e+13
2.232000e-04	1.427358e+13
2.234000e-04	1.424984e+13
2.236000e-04	1.416947e+13
2.238000e-04	1.396857e+13
2.240000e-04	1.395213e+13
2.242000e-04	1.395761e+13
2.244000e-04	1.392473e+13
2.246000e-04	1.390281e+13
2.248000e-04	1.373478e+13
2.250000e-04	1.377314e+13
2.252000e-04	1.372017e+13
2.254000e-04	1.351926e+13
2.256000e-04	1.355579e+13
2.258000e-04	1.359049e+13
2.260000e-04	1.355396e+13
2.262000e-04	1.333114e+13
2.264000e-04	1.338593e+13
2.266000e-04	1.336036e+13
2.268000e-04	1.338228e+13
2.270000e-04	1.332749e+13
2.272000e-04	1.329096e+13
2.274000e-04	1.324530e+13
2.276000e-04	1.322155e+13
2.278000e-04	1.322703e+13
2.280000e-04	1.308640e+13
2.282000e-04	1.279782e+13
2.284000e-04	1.301334e+13
2.286000e-04	1.301151e+13
2.288000e-04	1.301699e+13
2.290000e-04	1.298594e+13
2.292000e-04	1.290741e+13
2.294000e-04	1.263892e+13
2.296000e-04	1.261700e+13
2.298000e-04	1.263709e+13
2.300000e-04	1.269919e+13
2.302000e-04	1.270285e+13
2.304000e-04	1.265901e+13
2.306000e-04	1.264440e+13
2.308000e-04	1.260422e+13
2.310000e-04	1.254760e+13
2.312000e-04	1.254212e+13
2.314000e-04	1.246724e+13
2.316000e-04	1.238139e+13
2.318000e-04	1.231930e+13
2.320000e-04	1.236130e+13
2.322000e-04	1.219145e+13
2.324000e-04	1.193757e+13
2.326000e-04	1.197958e+13
2.328000e-04	1.210743e+13
2.330000e-04	1.208369e+13
2.332000e-04	1.202524e+13
2.334000e-04	1.200150e+13
2.336000e-04	1.193757e+13
2.338000e-04	1.186451e+13
2.340000e-04	1.190835e+13
2.342000e-04	1.194305e+13
2.344000e-04	1.188826e+13
2.346000e-04	1.184625e+13
2.348000e-04	1.182068e+13
2.350000e-04	1.178598e+13
2.352000e-04	1.148644e+13
2.354000e-04	1.139512e+13
2.356000e-04	1.147366e+13
2.358000e-04	1.144443e+13
2.360000e-04	1.152114e+13
2.362000e-04	1.151566e+13
2.364000e-04	1.149740e+13
2.366000e-04	1.147731e+13
2.368000e-04	1.143895e+13
2.370000e-04	1.134398e+13
2.372000e-04	1.133667e+13
2.374000e-04	1.107915e+13
2.376000e-04	1.125814e+13
2.378000e-04	1.130928e+13
2.380000e-04	1.127275e+13
2.382000e-04	1.113759e+13
2.384000e-04	1.074856e+13
2.386000e-04	1.079057e+13
2.388000e-04	1.096591e+13
2.390000e-04	1.101157e+13
2.392000e-04	1.097321e+13
2.394000e-04	1.096408e+13
2.396000e-04	1.095130e+13
2.398000e-04	1.093851e+13
2.400000e-04	1.085632e+13
2.402000e-04	1.089468e+13
2.404000e-04	1.085815e+13
2.406000e-04	1.081066e+13
2.408000e-04	1.080336e+13
2.410000e-04	1.077961e+13
2.412000e-04	1.076500e+13
2.414000e-04	1.047277e+13
2.416000e-04	1.022620e+13
2.418000e-04	1.049834e+13
2.420000e-04	1.053852e+13
2.422000e-04	1.053304e+13
2.424000e-04	1.045816e+13
2.426000e-04	1.044172e+13
2.428000e-04	1.043259e+13
2.430000e-04	1.043259e+13
2.432000e-04	1.041433e+13
2.434000e-04	1.030291e+13
2.436000e-04	1.026090e+13
2.438000e-04	1.022620e+13
2.440000e-04	1.029926e+13
2.442000e-04	1.025908e+13
2.444000e-04	1.023351e+13
2.446000e-04	1.004173e+13
2.448000e-04	9.966849e+12
2.450000e-04	9.975981e+12
2.452000e-04	9.921188e+12
2.454000e-04	9.963196e+12
2.456000e-04	9.807949e+12
2.458000e-04	9.848131e+12
2.460000e-04	9.966849e+12
2.462000e-04	9.939452e+12
2.464000e-04	9.926667e+12
2.466000e-04	9.871874e+12
2.468000e-04	9.844478e+12
2.470000e-04	9.652702e+12
2.472000e-04	9.734892e+12
2.474000e-04	9.703842e+12
2.476000e-04	9.758635e+12
2.478000e-04	9.685578e+12
2.480000e-04	9.455447e+12
2.482000e-04	9.387869e+12
2.484000e-04	9.532158e+12
2.486000e-04	9.424398e+12
2.488000e-04	9.440836e+12
2.490000e-04	9.543116e+12
2.492000e-04	9.493802e+12
2.494000e-04	9.451794e+12
2.496000e-04	9.409786e+12
2.498000e-04	9.413439e+12
2.500000e-04	9.415266e+12
2.520000e-04	9.102946e+12
2.540000e-04	8.792452e+12
2.560000e-04	8.533098e+12
2.580000e-04	8.310273e+12
2.600000e-04	8.140415e+12
2.620000e-04	7.862797e+12
2.640000e-04	7.691112e+12
2.660000e-04	7.450023e+12
2.680000e-04	7.247289e+12
2.700000e-04	7.062819e+12
2.720000e-04	6.872870e+12
2.740000e-04	6.690227e+12
2.760000e-04	6.476534e+12
2.780000e-04	6.334072e+12
2.800000e-04	6.182478e+12
2.820000e-04	6.021752e+12
2.840000e-04	5.861026e+12
2.860000e-04	5.696647e+12
2.880000e-04	5.537747e+12
2.900000e-04	5.422682e+12
2.920000e-04	5.278393e+12
2.940000e-04	5.145064e+12
2.960000e-04	5.022693e+12
2.980000e-04	4.898495e+12
3.000000e-04	4.770645e+12
3.020000e-04	4.651927e+12
3.040000e-04	4.502159e+12
3.060000e-04	4.423622e+12
3.080000e-04	4.317689e+12
3.100000e-04	4.211756e+12
3.120000e-04	4.102170e+12
3.140000e-04	4.014501e+12
3.160000e-04	3.915874e+12
3.180000e-04	3.828205e+12
3.200000e-04	3.740536e+12
3.220000e-04	3.652867e+12
3.240000e-04	3.563372e+12
3.260000e-04	3.483009e+12
3.280000e-04	3.393514e+12
3.300000e-04	3.291234e+12
3.320000e-04	3.229135e+12
3.340000e-04	3.172515e+12
3.360000e-04	3.099458e+12
3.380000e-04	3.030054e+12
3.400000e-04	2.949690e+12
3.420000e-04	2.893071e+12
3.440000e-04	2.838278e+12
3.460000e-04	2.776179e+12
3.480000e-04	2.714080e+12
3.500000e-04	2.659287e+12
3.520000e-04	2.602668e+12
3.540000e-04	2.544222e+12
3.560000e-04	2.487603e+12
3.580000e-04	2.436463e+12
3.600000e-04	2.387149e+12
3.620000e-04	2.339662e+12
3.640000e-04	2.284869e+12
3.660000e-04	2.231902e+12
3.680000e-04	2.178935e+12
3.700000e-04	2.122316e+12
3.720000e-04	2.091267e+12
3.740000e-04	2.023689e+12
3.760000e-04	2.001771e+12
3.780000e-04	1.968896e+12
3.800000e-04	1.930540e+12
3.820000e-04	1.895838e+12
3.840000e-04	1.861136e+12
3.860000e-04	1.823329e+12
3.880000e-04	1.786617e+12
3.900000e-04	1.753194e+12
3.920000e-04	1.721779e+12
3.940000e-04	1.686346e+12
3.960000e-04	1.649635e+12
3.980000e-04	1.617672e+12
4.000000e-04	1.583335e+12
4.020000e-04	1.562879e+12
4.040000e-04	1.531465e+12
4.060000e-04	1.500781e+12
4.080000e-04	1.471010e+12
4.100000e-04	1.441787e+12
4.120000e-04	1.413477e+12
4.140000e-04	1.385715e+12
4.160000e-04	1.358684e+12
4.180000e-04	1.332201e+12
4.200000e-04	1.306448e+12
4.220000e-04	1.281243e+12
4.240000e-04	1.256769e+12
4.260000e-04	1.232660e+12
4.280000e-04	1.209282e+12
4.300000e-04	1.186451e+12
4.320000e-04	1.164169e+12
4.340000e-04	1.142252e+12
4.360000e-04	1.121065e+12
4.380000e-04	1.100244e+12
4.400000e-04	1.079970e+12
4.420000e-04	1.060062e+12
4.440000e-04	1.040702e+12
4.460000e-04	1.021707e+12
4.480000e-04	1.003077e+12
4.500000e-04	9.849957e+11
4.520000e-04	9.672793e+11
4.540000e-04	9.499282e+11
4.560000e-04	9.329423e+11
4.580000e-04	9.165044e+11
4.600000e-04	9.002492e+11
4.620000e-04	8.843592e+11
4.640000e-04	8.688345e+11
4.660000e-04	8.536751e+11
4.680000e-04	8.388810e+11
4.700000e-04	8.244522e+11
4.720000e-04	8.102060e+11
4.740000e-04	7.963251e+11
4.760000e-04	7.826268e+11
4.780000e-04	7.692939e+11
4.800000e-04	7.563262e+11
4.820000e-04	7.435412e+11
4.840000e-04	7.311214e+11
4.860000e-04	7.188843e+11
4.880000e-04	7.068298e+11
4.900000e-04	6.951407e+11
4.920000e-04	6.836341e+11
4.940000e-04	6.723102e+11
4.960000e-04	6.613516e+11
4.980000e-04	6.505757e+11
5.000000e-04	6.399824e+11
5.050000e-04	6.198916e+11
5.100000e-04	5.966959e+11
5.150000e-04	5.745960e+11
5.200000e-04	5.534094e+11
5.250000e-04	5.333186e+11
5.300000e-04	5.141411e+11
5.350000e-04	4.958768e+11
5.400000e-04	4.783430e+11
5.450000e-04	4.615398e+11
5.500000e-04	4.454672e+11
5.550000e-04	4.301251e+11
5.600000e-04	4.155137e+11
5.650000e-04	4.014501e+11
5.700000e-04	3.879345e+11
5.750000e-04	3.751495e+11
5.800000e-04	3.627297e+11
5.850000e-04	3.508579e+11
5.900000e-04	3.395340e+11
5.950000e-04	3.285754e+11
6.000000e-04	3.181648e+11
6.050000e-04	3.081194e+11
6.100000e-04	2.984393e+11
6.150000e-04	2.891245e+11
6.200000e-04	2.801749e+11
6.250000e-04	2.715907e+11
6.300000e-04	2.633717e+11
6.350000e-04	2.555181e+11
6.400000e-04	2.478471e+11
6.450000e-04	2.405413e+11
6.500000e-04	2.334182e+11
6.550000e-04	2.264778e+11
6.600000e-04	2.199026e+11
6.650000e-04	2.136927e+11
6.700000e-04	2.074829e+11
6.750000e-04	2.016383e+11
6.800000e-04	1.959763e+11
6.850000e-04	1.904970e+11
6.900000e-04	1.852004e+11
6.950000e-04	1.801229e+11
7.000000e-04	1.751915e+11
7.050000e-04	1.704245e+11
7.100000e-04	1.658402e+11
7.150000e-04	1.613837e+11
7.200000e-04	1.570916e+11
7.250000e-04	1.529456e+11
7.300000e-04	1.489274e+11
7.350000e-04	1.450554e+11
7.400000e-04	1.412929e+11
7.450000e-04	1.376583e+11
7.500000e-04	1.341333e+11
7.550000e-04	1.307361e+11
7.600000e-04	1.274303e+11
7.650000e-04	1.242340e+11
7.700000e-04	1.211473e+11
7.750000e-04	1.181520e+11
7.800000e-04	1.152480e+11
7.850000e-04	1.124353e+11
7.900000e-04	1.096956e+11
7.950000e-04	1.070655e+11
8.000000e-04	1.044903e+11
8.050000e-04	1.020063e+11
8.100000e-04	9.959543e+10
8.150000e-04	9.723933e+10
8.200000e-04	9.497455e+10
8.250000e-04	9.276457e+10
8.300000e-04	9.060938e+10
8.350000e-04	8.852724e+10
8.400000e-04	8.651816e+10
8.450000e-04	8.454562e+10
8.500000e-04	8.264613e+10
8.550000e-04	8.078316e+10
8.600000e-04	7.897499e+10
8.650000e-04	7.722162e+10
8.700000e-04	7.552303e+10
8.750000e-04	7.386098e+10
8.800000e-04	7.225372e+10
8.850000e-04	7.068298e+10
8.900000e-04	6.916704e+10
8.950000e-04	6.768763e+10
9.000000e-04	6.624475e+10
9.050000e-04	6.483840e+10
9.100000e-04	6.346857e+10
9.150000e-04	6.213527e+10
9.200000e-04	6.083851e+10
9.250000e-04	5.957827e+10
9.300000e-04	5.835456e+10
9.350000e-04	5.714911e+10
9.400000e-04	5.598019e+10
9.450000e-04	5.484780e+10
9.500000e-04	5.373368e+10
9.550000e-04	5.265608e+10
9.600000e-04	5.159675e+10
9.650000e-04	5.057395e+10
9.700000e-04	4.956941e+10
9.750000e-04	4.860140e+10
9.800000e-04	4.763339e+10
9.850000e-04	4.672017e+10
9.900000e-04	4.580696e+10
9.950000e-04	4.493027e+10
1.000000e-03	4.405358e+10
1.100000e-03	2.986219e+10
1.200000e-03	2.104052e+10
1.300000e-03	1.523246e+10
1.400000e-03	1.130562e+10
1.500000e-03	8.565974e+09
1.600000e-03	6.593426e+09
1.700000e-03	5.168807e+09
1.800000e-03	4.109476e+09
1.900000e-03	3.305845e+09
2.000000e-03	2.684858e+09
2.500000e-03	1.104992e+09
3.000000e-03	5.351451e+08
3.500000e-03	2.885765e+08
4.000000e-03	1.700410e+08
5.000000e-03	6.995241e+07
6.000000e-03	3.378902e+07
8.000000e-03	1.073943e+07
1.000000e-02	4.419970e+06
1.200000e-02	2.136927e+06
1.500000e-02	8.785146e+05
2.000000e-02	2.794444e+05
2.500000e-02	1.147000e+05
3.000000e-02	5.387979e+04
4.000000e-02	1.844698e+04
1.000000e-01	6.173346e+02
