    0.0114    23480.
    0.0137    22560.
    0.0171    21160.
    0.0195    20240.
    0.0228    18920.
    0.0279    16920.
    0.0359    13500.
    0.0400    11000.
    0.0450    10500.
    0.0500    10000.
    0.0504     9950.
    0.0505     8600.
    0.0550     8150.
    0.0600     7750.
    0.0650     7430.
    0.0700     7120.
    0.0750     6920.
    0.0800     6750.
    0.0850     6650.
    0.0900     6600.
    0.0912     6588.
    0.091716     6423.
    0.091721     6425.
    0.091725     6418.
    0.091730     6383.
    0.091734     6298.
    0.091739     6182.
    0.091743     6076.
    0.091747     5992.
    0.091752     5925.
    0.091756     5879.
    0.091761     5858.
    0.091765     5869.
    0.091770     5904.
    0.091774     5949.
    0.091778     5977.
    0.091783     5993.
    0.091787     6043.
    0.091792     6129.
    0.091796     6226.
    0.091801     6319.
    0.091805     6385.
    0.091810     6417.
    0.091814     6425.
    0.091818     6425.
    0.091823     6407.
    0.091827     6350.
    0.091832     6250.
    0.091836     6134.
    0.091841     6025.
    0.091845     5933.
    0.091850     5869.
    0.091854     5837.
    0.091858     5831.
    0.091863     5854.
    0.091867     5891.
    0.091872     5921.
    0.091876     5925.
    0.091881     5902.
    0.091885     5893.
    0.091889     5895.
    0.091894     5907.
    0.091898     5920.
    0.091903     5935.
    0.091907     5981.
    0.091912     6065.
    0.091916     6173.
    0.091921     6290.
    0.091925     6377.
    0.091929     6417.
    0.091934     6430.
    0.091938     6433.
    0.091943     6426.
    0.091947     6388.
    0.091952     6304.
    0.091956     6199.
    0.091960     6126.
    0.091965     6123.
    0.091969     6128.
    0.091974     6069.
    0.091978     5964.
    0.091983     5895.
    0.091987     5899.
    0.091992     5939.
    0.091996     5943.
    0.092000     5877.
    0.092005     5779.
    0.092009     5740.
    0.092014     5750.
    0.092018     5754.
    0.092023     5735.
    0.092027     5715.
    0.092032     5703.
    0.092036     5705.
    0.092040     5728.
    0.092045     5773.
    0.092049     5839.
    0.092054     5895.
    0.092058     5920.
    0.092063     5932.
    0.092067     5969.
    0.092072     6050.
    0.092076     6159.
    0.092080     6277.
    0.092085     6369.
    0.092089     6418.
    0.092094     6436.
    0.092098     6442.
    0.092103     6442.
    0.092107     6413.
    0.092112     6334.
    0.092116     6210.
    0.092120     6092.
    0.092125     6014.
    0.092129     5944.
    0.092134     5878.
    0.092138     5832.
    0.092143     5806.
    0.092147     5820.
    0.092151     5889.
    0.092156     5960.
    0.092160     5958.
    0.092165     5875.
    0.092169     5791.
    0.092174     5808.
    0.092178     5937.
    0.092183     6090.
    0.092187     6167.
    0.092191     6190.
    0.092196     6244.
    0.092218     6012.
    0.092223     5954.
    0.092227     5855.
    0.092231     5803.
    0.092236     5842.
    0.092240     5943.
    0.092245     6051.
    0.092249     6118.
    0.092254     6125.
    0.092258     6080.
    0.092263     6005.
    0.092267     5958.
    0.092271     5962.
    0.092276     5970.
    0.092280     5970.
    0.092285     6002.
    0.092289     6082.
    0.092294     6192.
    0.092298     6308.
    0.092303     6402.
    0.092307     6455.
    0.092311     6475.
    0.092316     6494.
    0.092320     6517.
    0.092325     6527.
    0.092329     6493.
    0.092334     6403.
    0.092338     6271.
    0.092343     6139.
    0.092347     6039.
    0.092351     5998.
    0.092356     5991.
    0.092360     5974.
    0.092365     5972.
    0.092369     5983.
    0.092374     5988.
    0.092378     5996.
    0.092383     5969.
    0.092387     5883.
    0.092391     5791.
    0.092396     5743.
    0.092400     5757.
    0.092405     5824.
    0.092409     5916.
    0.092414     5996.
    0.092525     5595.
    0.092529     5614.
    0.092534     5659.
    0.092538     5767.
    0.092543     5881.
    0.092547     5904.
    0.092552     5812.
    0.092556     5708.
    0.092560     5677.
    0.092565     5692.
    0.092569     5741.
    0.092574     5826.
    0.092578     5915.
    0.092583     5962.
    0.092587     5970.
    0.092592     5981.
    0.092596     6037.
    0.092601     6134.
    0.092605     6254.
    0.092609     6362.
    0.092614     6428.
    0.092618     6455.
    0.092623     6463.
    0.092627     6474.
    0.092632     6475.
    0.092636     6435.
    0.092641     6335.
    0.092645     6200.
    0.092649     6067.
    0.092654     5957.
    0.092658     5874.
    0.092663     5817.
    0.092667     5784.
    0.092672     5779.
    0.092676     5827.
    0.092681     5889.
    0.092685     5905.
    0.092689     5927.
    0.092694     5915.
    0.092698     5806.
    0.092703     5684.
    0.092707     5638.
    0.092712     5673.
    0.092716     5739.
    0.092721     5742.
    0.092979     5602.
    0.092983     5624.
    0.092988     5644.
    0.092992     5646.
    0.092997     5653.
    0.093001     5690.
    0.093006     5745.
    0.093010     5780.
    0.093014     5790.
    0.093019     5845.
    0.093023     5947.
    0.093028     6006.
    0.093032     6019.
    0.093037     6014.
    0.093041     6001.
    0.093046     6019.
    0.093050     6098.
    0.093055     6218.
    0.093059     6339.
    0.093063     6428.
    0.093068     6466.
    0.093072     6474.
    0.093077     6481.
    0.093081     6491.
    0.093086     6493.
    0.093090     6459.
    0.093095     6364.
    0.093099     6224.
    0.093104     6082.
    0.093108     5962.
    0.093112     5871.
    0.093117     5805.
    0.093121     5757.
    0.093126     5717.
    0.093130     5689.
    0.093135     5684.
    0.093139     5742.
    0.093144     5877.
    0.093148     5961.
    0.093153     5920.
    0.093157     5852.
    0.093162     5875.
    0.093166     5859.
    0.093170     5746.
    0.093683     5596.
    0.093688     5580.
    0.093692     5591.
    0.093697     5613.
    0.093701     5644.
    0.093706     5686.
    0.093710     5754.
    0.093714     5824.
    0.093719     5855.
    0.093723     5856.
    0.093728     5856.
    0.093732     5910.
    0.093737     6013.
    0.093741     6094.
    0.093746     6104.
    0.093750     6087.
    0.093755     6131.
    0.093759     6248.
    0.093764     6378.
    0.093768     6478.
    0.093773     6525.
    0.093777     6535.
    0.093781     6535.
    0.093786     6546.
    0.093790     6563.
    0.093795     6554.
    0.093799     6492.
    0.093804     6393.
    0.093808     6271.
    0.093813     6132.
    0.093817     6006.
    0.093822     5904.
    0.093826     5823.
    0.093831     5760.
    0.093835     5715.
    0.093839     5686.
    0.093844     5673.
    0.093848     5677.
    0.093853     5713.
    0.093857     5820.
    0.093862     5951.
    0.093866     5980.
    0.093871     5872.
    0.093875     5719.
    0.093880     5618.
    0.094878     5881.
    0.094882     5752.
    0.094887     5687.
    0.094891     5670.
    0.094895     5667.
    0.094900     5685.
    0.094904     5726.
    0.094909     5790.
    0.094913     5871.
    0.094917     5950.
    0.094922     6013.
    0.094926     6063.
    0.094931     6095.
    0.094935     6104.
    0.094940     6114.
    0.094944     6178.
    0.094948     6288.
    0.094953     6413.
    0.094957     6520.
    0.094962     6586.
    0.094966     6601.
    0.094970     6598.
    0.094975     6604.
    0.094979     6626.
    0.094984     6648.
    0.094988     6638.
    0.094993     6573.
    0.094997     6458.
    0.095001     6324.
    0.095006     6241.
    0.095010     6212.
    0.095015     6147.
    0.095019     6038.
    0.095023     5956.
    0.095028     5928.
    0.095032     5923.
    0.095037     5893.
    0.095041     5832.
    0.095046     5778.
    0.095050     5769.
    0.095054     5824.
    0.095059     5919.
    0.095063     6022.
    0.095068     6097.
    0.095072     6101.
    0.097155     5900.
    0.097159     5952.
    0.097164     6070.
    0.097168     6143.
    0.097173     6102.
    0.097177     5985.
    0.097182     5882.
    0.097186     5855.
    0.097190     5879.
    0.097195     5941.
    0.097199     6031.
    0.097204     6112.
    0.097208     6163.
    0.097213     6197.
    0.097217     6257.
    0.097222     6367.
    0.097226     6500.
    0.097230     6621.
    0.097235     6697.
    0.097239     6706.
    0.097244     6695.
    0.097248     6694.
    0.097253     6701.
    0.097257     6722.
    0.097262     6747.
    0.097266     6737.
    0.097270     6669.
    0.097275     6548.
    0.097279     6398.
    0.097284     6248.
    0.097288     6119.
    0.097293     6019.
    0.097297     5943.
    0.097302     5891.
    0.097306     5877.
    0.097311     5928.
    0.097315     6040.
    0.097319     6104.
    0.097324     6070.
    0.097328     5974.
    0.097333     5877.
    0.097337     5810.
    0.097342     5755.
    0.097346     5717.
    0.097351     5688.
    0.102425     5607.
    0.102429     5615.
    0.102434     5629.
    0.102438     5640.
    0.102442     5652.
    0.102447     5665.
    0.102451     5677.
    0.102455     5683.
    0.102460     5694.
    0.102464     5710.
    0.102469     5725.
    0.102473     5745.
    0.102477     5764.
    0.102482     5784.
    0.102486     5806.
    0.102490     5833.
    0.102495     5856.
    0.102499     5883.
    0.102503     5914.
    0.102508     5956.
    0.102512     6007.
    0.102516     6071.
    0.102521     6156.
    0.102525     6230.
    0.102529     6287.
    0.102534     6339.
    0.102538     6414.
    0.102542     6517.
    0.102547     6634.
    0.102551     6748.
    0.102556     6828.
    0.102560     6854.
    0.102564     6841.
    0.102569     6824.
    0.102573     6820.
    0.102577     6824.
    0.102582     6839.
    0.102586     6866.
    0.102590     6886.
    0.102595     6861.
    0.102599     6774.
    0.102603     6643.
    0.102608     6500.
    0.102612     6363.
    0.102616     6248.
    0.102621     6165.
    0.102625     6103.
    0.102630     6053.
    0.102634     6006.
    0.102638     5971.
    0.102643     5936.
    0.102647     5904.
    0.102651     5877.
    0.102656     5853.
    0.102660     5830.
    0.102664     5812.
    0.102669     5797.
    0.102673     5789.
    0.102677     5787.
    0.102682     5779.
    0.102686     5760.
    0.102691     5732.
    0.102695     5709.
    0.102699     5696.
    0.102704     5691.
    0.102708     5684.
    0.102712     5675.
    0.102717     5669.
    0.102721     5673.
    0.1050     5350.
    0.1100     5300.
    0.1110     5000.
    0.1150     5000.
    0.1200     5000.
    0.120575     5155.
    0.120871     5184.
    0.121067     5348.
    0.121187     5459.
    0.121287     5599.
    0.121367     5754.
    0.121427     5951.
    0.121467     6093.
    0.121487     6442.
    0.121507     6762.
    0.121517     6990.
    0.121527     7265.
    0.121532     7445.
    0.121537     7587.
    0.121542     7688.
    0.121547     7694.
    0.121552     7559.
    0.121557     7485.
    0.121562     7469.
    0.121567     7469.
    0.121572     7468.
    0.121577     7484.
    0.121582     7558.
    0.121587     7692.
    0.121592     7686.
    0.121597     7584.
    0.121602     7442.
    0.121607     7261.
    0.121617     6986.
    0.121627     6757.
    0.121647     6435.
    0.121667     6085.
    0.121707     5940.
    0.121767     5737.
    0.121847     5577.
    0.121947     5430.
    0.122067     5310.
    0.122263     5133.
    0.122559     5082.
    0.1230     5000.
    0.1250     4600.
    0.1300     4600.
    0.1350     4550.
    0.1400     4500.
    0.1450     4470.
    0.1500     4450.
    0.1550     4480.
    0.1600     4490.
    0.1650     4500.
    0.1700     4510.
    0.1800     4884.
    0.2000     4965.
    0.2200     5201.
    0.2400     4978.
    0.2600     5116.
    0.2800     5207.
    0.3000     5483.
    0.3500     5604.
    0.4000     5694.
    0.5000     5906.
    0.6000     5845.
    0.7000     5850.
    0.8000     5792.
    0.9000     5729.
    1.0000     5786.
    1.2000     5880.
    1.4000     6049.
    1.6000     6302.
    1.8000     6286.
    2.0000     6072.
    3.0000     5730.
    4.0000     5500.
    5.0000     5450.
   10.0000     5050.
   20.0000     4740.
   50.0000     4500.
  100.0000     4370.
  200.0000     4400.
  300.0000     4550.
