#--------------------------------------------------------------------------------------------------
Si III Mg-like atomic model
#--------------------------------------------------------------------------------------------------
Z           14
Element     Si
nLevel      15
nLine       105
#
#           nTansition      nTemperature
CEparameter 105             10
END
#--------------------------------------------------------------------------------------------------
# Level information
# from : NIST database
#   Index	configuration		term	n	J	L	2S+1	g=2J+1	stage	E[eV]
    0 		3s2             	1S  	3	0  	0 	1 		1 		3		+0.0000000e+00
    1 		3s.3p           	3P  	3	0  	1 	3 		1 		3		+6.5370280e+00
    2 		3s.3p           	3P  	3	1  	1 	3 		3 		3		+6.5529720e+00
    3 		3s.3p           	3P  	3	2  	1 	3 		5 		3		+6.5854220e+00
    4 		3s.3p           	1P  	3	1  	1 	1 		3 		3		+1.0276357e+01
    5 		3p2             	1D  	3	2  	2 	1 		5 		3		+1.5152669e+01
    6 		3p2             	3P  	3	0  	1 	3 		1 		3		+1.6081798e+01
    7 		3p2             	3P  	3	1  	1 	3 		3 		3		+1.6098352e+01
    8 		3p2             	3P  	3	2  	1 	3 		5 		3		+1.6130409e+01
    9 		3s.3d           	3D  	3	3  	2 	3 		7 		3		+1.7722765e+01
    10		3s.3d           	3D  	3	2  	2 	3 		5 		3		+1.7723025e+01
    11		3s.3d           	3D  	3	1  	2 	3 		3 		3		+1.7723324e+01
    12		3s.4s           	3S  	4	1  	0 	3 		3 		3		+1.9016330e+01
    13		3p2             	1S  	3	0  	0 	1 		1 		3		+1.9024660e+01
    14		3s.4s           	1S  	4	0  	0 	1 		1 		3		+1.9722118e+01
END
#--------------------------------------------------------------------------------------------------
# Radiative Line transition parameters
# Aji from NIST database
# wavelength is calculated from "Level information" above
#   i   j		Wavelength[AA]		Aji[s^-1]
    0    1		1.89664441e+03		0.0000e+00
    0    2		1.89202969e+03		0.0000e+00
    0    3		1.88270662e+03		0.0000e+00
    0    4		1.20649931e+03		2.5500e+09
    0    5		8.18233250e+02		1.6100e+04
    0    6		7.70959665e+02		0.0000e+00
    0    7		7.70166884e+02		1.7500e-02
    0    8		7.68636282e+02		1.1500e+01
    0    9		6.99575805e+02		0.0000e+00
    0   10		6.99565543e+02		8.4900e-03
    0   11		6.99553741e+02		8.6500e-11
    0   12		6.51987928e+02		0.0000e+00
    0   13		6.51702454e+02		0.0000e+00
    0   14		6.28655482e+02		0.0000e+00
    1    2		7.77622780e+05		3.8700e-05
    1    3		2.56197413e+05		2.8600e-09
    1    4		3.31567979e+03		1.6600e-02
    1    5		1.43905922e+03		0.0000e+00
    1    6		1.29897500e+03		0.0000e+00
    1    7		1.29672602e+03		7.1000e+08
    1    8		1.29239291e+03		0.0000e+00
    1    9		1.10841312e+03		0.0000e+00
    1   10		1.10838735e+03		0.0000e+00
    1   11		1.10835773e+03		1.5400e+09
    1   12		9.93518516e+02		2.6800e+08
    1   13		9.92855779e+02		0.0000e+00
    1   14		9.40336213e+02		0.0000e+00
    2    3		3.82077584e+05		8.9400e-10
    2    4		3.32987795e+03		1.2300e-02
    2    5		1.44172726e+03		0.0000e+00
    2    6		1.30114849e+03		2.1100e+09
    2    7		1.29889199e+03		5.2900e+08
    2    8		1.29454442e+03		5.3500e+08
    2    9		1.10999529e+03		0.0000e+00
    2   10		1.10996945e+03		2.0700e+09
    2   11		1.10993974e+03		1.1500e+09
    2   12		9.94789494e+02		8.0500e+08
    2   13		9.94125061e+02		0.0000e+00
    2   14		9.41474686e+02		0.0000e+00
    3    4		3.35915360e+03		1.2500e-03
    3    5		1.44718806e+03		0.0000e+00
    3    6		1.30559464e+03		0.0000e+00
    3    7		1.30332270e+03		8.7100e+08
    3    8		1.29894547e+03		1.5900e+09
    3    9		1.11322939e+03		2.7400e+09
    3   10		1.11320341e+03		6.8500e+08
    3   11		1.11317352e+03		7.6300e+07
    3   12		9.97386321e+02		1.3500e+09
    3   13		9.96718416e+02		0.0000e+00
    3   14		9.43800298e+02		0.0000e+00
    4    5		2.54258087e+03		3.2200e+07
    4    6		2.13565474e+03		0.0000e+00
    4    7		2.12958232e+03		0.0000e+00
    4    8		2.11792065e+03		0.0000e+00
    4    9		1.66501991e+03		0.0000e+00
    4   10		1.66496178e+03		0.0000e+00
    4   11		1.66489493e+03		0.0000e+00
    4   12		1.41858763e+03		0.0000e+00
    4   13		1.41723687e+03		2.1700e+09
    4   14		1.31259065e+03		6.6600e+08
    5    6		1.33441294e+04		4.9000e-05
    5    7		1.31105430e+04		4.1000e-03
    5    8		1.26806898e+04		5.7600e-05
    5    9		4.82410680e+03		7.4200e-06
    5   10		4.82361883e+03		1.4900e-05
    5   11		4.82305778e+03		1.6400e-05
    5   12		3.20898174e+03		0.0000e+00
    5   13		3.20207810e+03		0.0000e+00
    5   14		2.71332881e+03		2.9900e+02
    6    7		7.48968080e+05		4.2800e-05
    6    8		2.55053745e+05		2.5600e-09
    6    9		7.55555572e+03		0.0000e+00
    6   10		7.55435878e+03		2.1600e-03
    6   11		7.55298277e+03		8.1900e-07
    6   12		4.22500678e+03		0.0000e+00
    6   13		4.21304757e+03		0.0000e+00
    6   14		3.40585927e+03		0.0000e+00
    7    8		3.86761631e+05		2.3300e-04
    7    9		7.63255256e+03		2.1400e-03
    7   10		7.63133110e+03		1.0200e-07
    7   11		7.62992692e+03		4.4600e-03
    7   12		4.24897569e+03		0.0000e+00
    7   13		4.23688060e+03		0.0000e+00
    7   14		3.42141783e+03		3.8500e-04
    8    9		7.78620962e+03		2.2100e-06
    8   10		7.78493849e+03		2.3500e-06
    8   11		7.78347721e+03		1.6000e-06
    8   12		4.29617360e+03		0.0000e+00
    8   13		4.28380870e+03		0.0000e+00
    8   14		3.45195493e+03		5.7100e-02
    9   10		4.76862215e+07		0.0000e+00
    9   11		2.21796379e+07		0.0000e+00
    9   12		9.58468852e+03		0.0000e+00
    9   13		9.52336218e+03		0.0000e+00
    9   14		6.20121489e+03		0.0000e+00
    10  11		4.14662796e+07		0.0000e+00
    10  12		9.58661538e+03		0.0000e+00
    10  13		9.52526446e+03		0.0000e+00
    10  14		6.20202142e+03		1.3100e-06
    11  12		9.58883223e+03		0.0000e+00
    11  13		9.52745302e+03		0.0000e+00
    11  14		6.20294918e+03		1.0800e-12
    12  13		1.48840547e+06		0.0000e+00
    12  14		1.75667730e+04		0.0000e+00
    13  14		1.77765795e+04		0.0000e+00
END
#--------------------------------------------------------------------------------------------------
# Collisional Excitation Rate
# type :
#       ECS -> Effective Collision Strength
#       CRC -> Collision Rate Coefficient
# Effective Collision Strengths (Omega_ij[-]) : Kanti M. Aggarwal, 2017
# Collision Rate : n_e * C_ij = n_e * ( 8.63E-6 * (Omega_ij*f1/f2) ) / (g_i * T_e^0.5) * e^(-dE_ji / (k*T_e))
Temperature     1.26e+04    2.00e+04    3.16e+04    5.01e+04    7.94e+04    1.26e+05    2.00e+05    3.16e+05    5.01e+05    7.94e+05
#
#   i   j   type    1.26e+04    2.00e+04    3.16e+04    5.01e+04    7.94e+04    1.26e+05    2.00e+05    3.16e+05    5.01e+05    7.94e+05    f1  f2
    0 	1 	ECS     5.72e-01	4.90e-01	4.17e-01	3.47e-01	2.80e-01	2.18e-01	1.64e-01	1.21e-01	8.75e-02	6.19e-02     1   1
    0 	2 	ECS     1.76e+00	1.50e+00	1.27e+00	1.05e+00	8.46e-01	6.57e-01	4.95e-01	3.64e-01	2.63e-01	1.86e-01     1   1
    0 	3 	ECS     2.90e+00	2.46e+00	2.09e+00	1.74e+00	1.40e+00	1.09e+00	8.20e-01	6.03e-01	4.35e-01	3.08e-01     1   1
    0 	4 	ECS     5.92e+00	6.42e+00	6.92e+00	7.53e+00	8.47e+00	9.92e+00	1.17e+01	1.37e+01	1.60e+01	1.86e+01     1   1
    0 	5 	ECS     7.87e-01	8.38e-01	8.77e-01	9.05e-01	9.36e-01	9.88e-01	1.07e+00	1.17e+00	1.30e+00	1.43e+00     1   1
    0 	6 	ECS     2.22e-02	1.98e-02	1.66e-02	1.32e-02	1.01e-02	7.37e-03	5.24e-03	3.65e-03	2.50e-03	1.68e-03     1   1
    0 	7 	ECS     6.78e-02	5.99e-02	5.01e-02	3.98e-02	3.03e-02	2.22e-02	1.58e-02	1.10e-02	7.56e-03	5.09e-03     1   1
    0 	8 	ECS     1.16e-01	1.02e-01	8.49e-02	6.74e-02	5.12e-02	3.75e-02	2.67e-02	1.87e-02	1.29e-02	8.84e-03     1   1
    0 	9 	ECS     4.83e-01	4.65e-01	4.36e-01	3.98e-01	3.54e-01	3.06e-01	2.58e-01	2.09e-01	1.64e-01	1.24e-01     1   1
    0 	10	ECS     3.44e-01	3.31e-01	3.11e-01	2.84e-01	2.52e-01	2.18e-01	1.83e-01	1.49e-01	1.17e-01	8.85e-02     1   1
    0 	11	ECS     2.06e-01	1.98e-01	1.86e-01	1.70e-01	1.51e-01	1.31e-01	1.10e-01	8.98e-02	7.05e-02	5.33e-02     1   1
    0 	12	ECS     3.28e-01	2.97e-01	2.55e-01	2.10e-01	1.68e-01	1.30e-01	9.83e-02	7.25e-02	5.23e-02	3.68e-02     1   1
    0 	13	ECS     2.31e-01	2.28e-01	2.25e-01	2.24e-01	2.29e-01	2.39e-01	2.55e-01	2.73e-01	2.91e-01	3.06e-01     1   1
    0 	14	ECS     4.60e-01	4.51e-01	4.47e-01	4.53e-01	4.79e-01	5.16e-01	5.50e-01	5.77e-01	6.00e-01	6.25e-01     1   1
    1 	2 	ECS     2.23e+00	2.12e+00	2.01e+00	1.87e+00	1.66e+00	1.39e+00	1.10e+00	8.33e-01	6.12e-01	4.38e-01     1   1
    1 	3 	ECS     3.44e+00	3.29e+00	3.10e+00	2.85e+00	2.51e+00	2.14e+00	1.79e+00	1.52e+00	1.33e+00	1.21e+00     1   1
    1 	4 	ECS     8.86e-01	8.55e-01	7.99e-01	7.04e-01	5.81e-01	4.52e-01	3.37e-01	2.42e-01	1.70e-01	1.17e-01     1   1
    1 	5 	ECS     9.48e-01	8.84e-01	7.84e-01	6.66e-01	5.48e-01	4.39e-01	3.43e-01	2.62e-01	1.94e-01	1.40e-01     1   1
    1 	6 	ECS     1.07e-01	9.97e-02	9.05e-02	8.02e-02	6.91e-02	5.77e-02	4.69e-02	3.71e-02	2.85e-02	2.12e-02     1   1
    1 	7 	ECS     2.51e+00	2.62e+00	2.77e+00	2.97e+00	3.25e+00	3.66e+00	4.23e+00	4.99e+00	5.93e+00	7.05e+00     1   1
    1 	8 	ECS     3.52e-01	3.30e-01	3.03e-01	2.71e-01	2.37e-01	2.02e-01	1.68e-01	1.36e-01	1.08e-01	8.36e-02     1   1
    1 	9 	ECS     4.56e-01	4.40e-01	4.16e-01	3.81e-01	3.42e-01	3.05e-01	2.76e-01	2.55e-01	2.41e-01	2.34e-01     1   1
    1 	10	ECS     3.84e-01	3.81e-01	3.70e-01	3.42e-01	3.01e-01	2.53e-01	2.05e-01	1.60e-01	1.22e-01	9.02e-02     1   1
    1 	11	ECS     2.25e+00	2.36e+00	2.50e+00	2.71e+00	3.01e+00	3.48e+00	4.14e+00	5.02e+00	6.11e+00	7.41e+00     1   1
    1 	12	ECS     3.14e-01	3.14e-01	3.08e-01	2.98e-01	2.91e-01	2.96e-01	3.22e-01	3.72e-01	4.51e-01	5.59e-01     1   1
    1 	13	ECS     8.24e-02	7.70e-02	6.84e-02	5.78e-02	4.68e-02	3.65e-02	2.77e-02	2.04e-02	1.48e-02	1.05e-02     1   1
    1 	14	ECS     1.16e-01	9.98e-02	8.29e-02	6.66e-02	5.19e-02	3.92e-02	2.88e-02	2.06e-02	1.44e-02	9.85e-03     1   1
    2 	3 	ECS     1.05e+01	1.01e+01	9.52e+00	8.77e+00	7.74e+00	6.56e+00	5.43e+00	4.49e+00	3.78e+00	3.27e+00     1   1
    2 	4 	ECS     2.66e+00	2.57e+00	2.40e+00	2.11e+00	1.74e+00	1.35e+00	9.97e-01	7.13e-01	4.97e-01	3.40e-01     1   1
    2 	5 	ECS     2.83e+00	2.64e+00	2.34e+00	1.99e+00	1.64e+00	1.31e+00	1.02e+00	7.80e-01	5.80e-01	4.20e-01     1   1
    2 	6 	ECS     2.48e+00	2.61e+00	2.76e+00	2.99e+00	3.37e+00	3.94e+00	4.63e+00	5.41e+00	6.30e+00	7.33e+00     1   1
    2 	7 	ECS     2.48e+00	2.53e+00	2.59e+00	2.68e+00	2.86e+00	3.14e+00	3.53e+00	4.05e+00	4.70e+00	5.48e+00     1   1
    2 	8 	ECS     3.90e+00	4.00e+00	4.13e+00	4.34e+00	4.71e+00	5.24e+00	5.93e+00	6.79e+00	7.86e+00	9.15e+00     1   1
    2 	9 	ECS     1.46e+00	1.42e+00	1.36e+00	1.25e+00	1.11e+00	9.66e-01	8.38e-01	7.33e-01	6.52e-01	5.94e-01     1   1
    2 	10	ECS     5.62e+00	5.86e+00	6.16e+00	6.65e+00	7.52e+00	8.81e+00	1.04e+01	1.24e+01	1.47e+01	1.74e+01     1   1
    2 	11	ECS     2.21e+00	2.29e+00	2.38e+00	2.53e+00	2.82e+00	3.26e+00	3.80e+00	4.40e+00	5.11e+00	5.96e+00     1   1
    2 	12	ECS     9.55e-01	9.58e-01	9.42e-01	9.36e-01	9.70e-01	1.04e+00	1.14e+00	1.27e+00	1.48e+00	1.78e+00     1   1
    2 	13	ECS     2.50e-01	2.34e-01	2.09e-01	1.77e-01	1.43e-01	1.12e-01	8.48e-02	6.27e-02	4.55e-02	3.23e-02     1   1
    2 	14	ECS     3.51e-01	3.01e-01	2.51e-01	2.02e-01	1.57e-01	1.18e-01	8.69e-02	6.22e-02	4.35e-02	2.98e-02     1   1
    3 	4 	ECS     4.47e+00	4.31e+00	4.03e+00	3.55e+00	2.92e+00	2.26e+00	1.67e+00	1.20e+00	8.33e-01	5.69e-01     1   1
    3 	5 	ECS     4.81e+00	4.46e+00	3.94e+00	3.33e+00	2.73e+00	2.16e+00	1.67e+00	1.26e+00	9.35e-01	6.76e-01     1   1
    3 	6 	ECS     3.53e-01	3.32e-01	3.04e-01	2.72e-01	2.36e-01	1.99e-01	1.63e-01	1.31e-01	1.03e-01	8.04e-02     1   1
    3 	7 	ECS     3.96e+00	4.05e+00	4.17e+00	4.37e+00	4.75e+00	5.33e+00	6.07e+00	6.95e+00	8.01e+00	9.27e+00     1   1
    3 	8 	ECS     1.05e+01	1.09e+01	1.13e+01	1.20e+01	1.30e+01	1.45e+01	1.66e+01	1.93e+01	2.28e+01	2.68e+01     1   1
    3 	9 	ECS     1.12e+01	1.16e+01	1.22e+01	1.29e+01	1.42e+01	1.61e+01	1.87e+01	2.22e+01	2.67e+01	3.20e+01     1   1
    3 	10	ECS     3.29e+00	3.34e+00	3.38e+00	3.43e+00	3.54e+00	3.77e+00	4.14e+00	4.67e+00	5.39e+00	6.28e+00     1   1
    3 	11	ECS     1.11e+00	1.09e+00	1.04e+00	9.81e-01	9.14e-01	8.58e-01	8.22e-01	8.07e-01	8.17e-01	8.50e-01     1   1
    3 	12	ECS     1.64e+00	1.65e+00	1.62e+00	1.56e+00	1.51e+00	1.53e+00	1.65e+00	1.90e+00	2.31e+00	2.86e+00     1   1
    3 	13	ECS     4.24e-01	3.97e-01	3.53e-01	3.00e-01	2.43e-01	1.90e-01	1.44e-01	1.06e-01	7.70e-02	5.46e-02     1   1
    3 	14	ECS     5.94e-01	5.11e-01	4.25e-01	3.42e-01	2.66e-01	2.01e-01	1.48e-01	1.05e-01	7.37e-02	5.04e-02     1   1
    4 	5 	ECS     5.89e+00	6.05e+00	6.04e+00	5.95e+00	6.00e+00	6.32e+00	6.73e+00	7.10e+00	7.49e+00	8.02e+00     1   1
    4 	6 	ECS     5.22e-01	4.61e-01	3.91e-01	3.19e-01	2.51e-01	1.94e-01	1.46e-01	1.09e-01	7.95e-02	5.71e-02     1   1
    4 	7 	ECS     1.59e+00	1.40e+00	1.18e+00	9.59e-01	7.53e-01	5.74e-01	4.28e-01	3.14e-01	2.26e-01	1.61e-01     1   1
    4 	8 	ECS     2.66e+00	2.33e+00	1.97e+00	1.60e+00	1.25e+00	9.56e-01	7.13e-01	5.24e-01	3.79e-01	2.70e-01     1   1
    4 	9 	ECS     2.48e+00	2.46e+00	2.27e+00	1.97e+00	1.62e+00	1.29e+00	9.97e-01	7.50e-01	5.50e-01	3.93e-01     1   1
    4 	10	ECS     1.77e+00	1.76e+00	1.63e+00	1.41e+00	1.16e+00	9.25e-01	7.14e-01	5.37e-01	3.94e-01	2.82e-01     1   1
    4 	11	ECS     1.06e+00	1.06e+00	9.78e-01	8.49e-01	7.03e-01	5.62e-01	4.36e-01	3.30e-01	2.42e-01	1.73e-01     1   1
    4 	12	ECS     1.43e+00	1.36e+00	1.20e+00	9.96e-01	7.82e-01	5.89e-01	4.27e-01	3.01e-01	2.07e-01	1.40e-01     1   1
    4 	13	ECS     3.81e+00	3.92e+00	4.13e+00	4.61e+00	5.51e+00	6.63e+00	7.78e+00	8.99e+00	1.04e+01	1.22e+01     1   1
    4 	14	ECS     1.10e+00	9.47e-01	8.13e-01	7.03e-01	6.19e-01	5.62e-01	5.34e-01	5.29e-01	5.43e-01	5.71e-01     1   1
    5 	6 	ECS     9.05e-01	8.01e-01	6.93e-01	5.86e-01	4.80e-01	3.80e-01	2.91e-01	2.17e-01	1.59e-01	1.13e-01     1   1
    5 	7 	ECS     2.77e+00	2.43e+00	2.09e+00	1.76e+00	1.44e+00	1.14e+00	8.69e-01	6.48e-01	4.71e-01	3.35e-01     1   1
    5 	8 	ECS     4.46e+00	3.96e+00	3.42e+00	2.89e+00	2.36e+00	1.87e+00	1.43e+00	1.06e+00	7.74e-01	5.50e-01     1   1
    5 	9 	ECS     4.75e+00	4.30e+00	3.81e+00	3.23e+00	2.60e+00	2.01e+00	1.49e+00	1.07e+00	7.49e-01	5.11e-01     1   1
    5 	10	ECS     3.39e+00	3.08e+00	2.72e+00	2.31e+00	1.87e+00	1.44e+00	1.07e+00	7.69e-01	5.37e-01	3.67e-01     1   1
    5 	11	ECS     2.04e+00	1.85e+00	1.64e+00	1.39e+00	1.12e+00	8.68e-01	6.44e-01	4.63e-01	3.24e-01	2.21e-01     1   1
    5 	12	ECS     1.90e+00	1.85e+00	1.69e+00	1.44e+00	1.15e+00	8.70e-01	6.30e-01	4.41e-01	3.01e-01	2.01e-01     1   1
    5 	13	ECS     2.19e+00	1.83e+00	1.50e+00	1.24e+00	1.04e+00	8.99e-01	8.04e-01	7.41e-01	7.04e-01	6.88e-01     1   1
    5 	14	ECS     1.76e+00	1.66e+00	1.53e+00	1.42e+00	1.34e+00	1.30e+00	1.32e+00	1.38e+00	1.46e+00	1.58e+00     1   1
    6 	7 	ECS     1.54e+00	1.51e+00	1.46e+00	1.38e+00	1.24e+00	1.06e+00	8.72e-01	6.94e-01	5.37e-01	4.05e-01     1   1
    6 	8 	ECS     1.18e+00	1.19e+00	1.17e+00	1.13e+00	1.07e+00	1.00e+00	9.36e-01	8.83e-01	8.50e-01	8.35e-01     1   1
    6 	9 	ECS     4.81e-01	4.51e-01	4.13e-01	3.60e-01	2.94e-01	2.25e-01	1.64e-01	1.16e-01	7.98e-02	5.44e-02     1   1
    6 	10	ECS     6.67e-01	6.48e-01	6.22e-01	5.76e-01	5.08e-01	4.28e-01	3.50e-01	2.83e-01	2.30e-01	1.88e-01     1   1
    6 	11	ECS     4.63e-01	4.60e-01	4.51e-01	4.28e-01	3.86e-01	3.33e-01	2.79e-01	2.30e-01	1.87e-01	1.50e-01     1   1
    6 	12	ECS     1.59e-01	1.53e-01	1.39e-01	1.21e-01	1.01e-01	8.04e-02	6.30e-02	4.94e-02	3.92e-02	3.15e-02     1   1
    6 	13	ECS     1.87e-01	1.63e-01	1.37e-01	1.11e-01	8.77e-02	6.68e-02	4.93e-02	3.53e-02	2.46e-02	1.68e-02     1   1
    6 	14	ECS     7.57e-02	6.63e-02	5.73e-02	4.79e-02	3.80e-02	2.88e-02	2.09e-02	1.47e-02	1.01e-02	6.80e-03     1   1
    7 	8 	ECS     4.61e+00	4.60e+00	4.50e+00	4.30e+00	3.98e+00	3.59e+00	3.20e+00	2.86e+00	2.59e+00	2.39e+00     1   1
    7 	9 	ECS     1.88e+00	1.79e+00	1.68e+00	1.50e+00	1.27e+00	1.02e+00	7.86e-01	6.00e-01	4.60e-01	3.57e-01     1   1
    7 	10	ECS     1.69e+00	1.65e+00	1.58e+00	1.47e+00	1.30e+00	1.10e+00	9.07e-01	7.32e-01	5.82e-01	4.58e-01     1   1
    7 	11	ECS     1.25e+00	1.22e+00	1.18e+00	1.09e+00	9.60e-01	8.05e-01	6.57e-01	5.32e-01	4.31e-01	3.52e-01     1   1
    7 	12	ECS     4.75e-01	4.60e-01	4.24e-01	3.74e-01	3.13e-01	2.52e-01	1.98e-01	1.55e-01	1.22e-01	9.76e-02     1   1
    7 	13	ECS     5.65e-01	4.92e-01	4.12e-01	3.34e-01	2.61e-01	1.97e-01	1.44e-01	1.02e-01	7.09e-02	4.81e-02     1   1
    7 	14	ECS     2.28e-01	1.99e-01	1.71e-01	1.42e-01	1.12e-01	8.48e-02	6.16e-02	4.34e-02	2.98e-02	2.00e-02     1   1
    8 	9 	ECS     4.36e+00	4.25e+00	4.09e+00	3.78e+00	3.32e+00	2.77e+00	2.25e+00	1.81e+00	1.45e+00	1.17e+00     1   1
    8 	10	ECS     2.44e+00	2.36e+00	2.24e+00	2.04e+00	1.75e+00	1.43e+00	1.12e+00	8.75e-01	6.81e-01	5.34e-01     1   1
    8 	11	ECS     1.17e+00	1.11e+00	1.04e+00	9.19e-01	7.65e-01	6.02e-01	4.55e-01	3.37e-01	2.48e-01	1.84e-01     1   1
    8 	12	ECS     7.89e-01	7.65e-01	7.01e-01	6.10e-01	5.05e-01	4.02e-01	3.15e-01	2.47e-01	1.96e-01	1.58e-01     1   1
    8 	13	ECS     9.60e-01	8.36e-01	7.00e-01	5.68e-01	4.44e-01	3.34e-01	2.44e-01	1.74e-01	1.21e-01	8.27e-02     1   1
    8 	14	ECS     3.88e-01	3.37e-01	2.88e-01	2.38e-01	1.88e-01	1.42e-01	1.04e-01	7.35e-02	5.08e-02	3.45e-02     1   1
    9 	10	ECS     1.05e+01	1.04e+01	9.91e+00	9.04e+00	7.85e+00	6.60e+00	5.48e+00	4.57e+00	3.88e+00	3.38e+00     1   1
    9 	11	ECS     3.97e+00	3.96e+00	3.78e+00	3.41e+00	2.91e+00	2.39e+00	1.90e+00	1.49e+00	1.17e+00	9.41e-01     1   1
    9 	12	ECS     6.98e+00	6.76e+00	6.27e+00	5.63e+00	5.01e+00	4.50e+00	4.16e+00	3.97e+00	3.90e+00	3.89e+00     1   1
    9 	13	ECS     1.05e+00	9.38e-01	8.01e-01	6.54e-01	5.12e-01	3.85e-01	2.79e-01	1.97e-01	1.35e-01	9.10e-02     1   1
    9 	14	ECS     1.41e+00	1.27e+00	1.09e+00	8.88e-01	6.95e-01	5.23e-01	3.81e-01	2.70e-01	1.86e-01	1.26e-01     1   1
    10	11	ECS     6.58e+00	6.45e+00	6.18e+00	5.71e+00	5.14e+00	4.57e+00	4.02e+00	3.51e+00	3.06e+00	2.70e+00     1   1
    10	12	ECS     4.93e+00	4.78e+00	4.46e+00	4.15e+00	4.03e+00	4.01e+00	3.93e+00	3.75e+00	3.53e+00	3.33e+00     1   1
    10	13	ECS     7.45e-01	6.64e-01	5.68e-01	4.66e-01	3.66e-01	2.76e-01	2.01e-01	1.42e-01	9.77e-02	6.59e-02     1   1
    10	14	ECS     9.98e-01	9.00e-01	7.72e-01	6.31e-01	4.94e-01	3.72e-01	2.71e-01	1.92e-01	1.33e-01	8.96e-02     1   1
    11	12	ECS     2.94e+00	2.85e+00	2.66e+00	2.40e+00	2.16e+00	1.97e+00	1.83e+00	1.75e+00	1.71e+00	1.70e+00     1   1
    11	13	ECS     4.43e-01	3.95e-01	3.38e-01	2.77e-01	2.17e-01	1.63e-01	1.18e-01	8.34e-02	5.73e-02	3.86e-02     1   1
    11	14	ECS     5.90e-01	5.32e-01	4.56e-01	3.73e-01	2.92e-01	2.20e-01	1.60e-01	1.14e-01	7.85e-02	5.32e-02     1   1
    12	13	ECS     1.19e+00	1.09e+00	9.27e-01	7.47e-01	5.73e-01	4.21e-01	2.99e-01	2.07e-01	1.40e-01	9.34e-02     1   1
    12	14	ECS     2.13e+00	1.83e+00	1.50e+00	1.18e+00	8.94e-01	6.53e-01	4.64e-01	3.22e-01	2.20e-01	1.48e-01     1   1
    13	14	ECS     3.48e+00	3.22e+00	2.91e+00	2.60e+00	2.33e+00	2.07e+00	1.81e+00	1.57e+00	1.37e+00	1.21e+00     1   1
END
#--------------------------------------------------------------------------------------------------
